181
172
179
172
180
172
180
172
181
172
180
172
181
172
180
172
180
172
181
172
180
172
180
172
180
172
180
172
180
172
180
172
180
172
180
173
180
172
180
172
180
172
180
172
180
172
180
172
180
172
180
173
180
172
180
172
181
173
181
173
180
173
181
173
179
171
178
172
179
171
180
170
179
171
179
171
179
172
179
171
179
171
179
171
179
172
179
171
179
171
179
171
179
171
179
171
179
171
179
171
179
171
179
171
179
171
179
171
179
171
179
171
179
172
181
171
179
171
179
171
179
171
178
171
180
171
179
171
180
172
181
172
180
172
180
172
182
172
180
172
180
172
180
172
180
173
181
172
180
173
181
173
181
173
181
173
181
173
181
173
181
173
181
172
180
173
181
172
180
171
179
172
180
172
180
172
180
172
180
172
180
172
180
171
179
172
180
172
180
172
181
171
179
171
178
172
179
170
179
171
178
171
180
169
179
171
178
172
179
171
180
171
178
171
179
171
180
172
180
172
180
171
179
170
179
172
179
171
180
170
179
171
178
172
180
171
179
171
179
171
179
170
179
171
177
170
179
171
179
171
179
171
178
171
179
