1536,117,117,117,117,117,117,117,117,117,117,117,117,117,117,117,117,117,117,117,117,117,117,117
1600,117,117,117,117,117,117,117,117,117,117,117,117,117,117,117,117,117,117,117,117,117,117,117,117
1664,117,117,117,117,117,117,117,117,117,117,117,117,117,117,117,117,117,117,117,117,117,117,117,117,117
1728,117,117,117,117,117,117,117,117,117,117,117,117,117,117,117,117,117,117,117,117,117,117,117,117,117,117
1792,117,117,117,117,117,117,117,117,117,117,117,117,117,117,117,117,117,117,117,117,117,117,117,117,117,117,117
1856,117,117,117,117,117,117,117,117,117,117,117,117,117,117,117,117,117,117,117,117,117,117,117,117,117,117,117,117
1920,117,117,117,117,117,117,117,117,117,117,117,117,117,117,117,117,117,117,117,117,117,117,117,117,117,117,117,117,117
1984,117,117,117,117,117,117,117,117,117,117,117,117,117,117,117,117,117,117,117,117,117,117,117,117,117,117,117,117,117,117
2048,117,117,117,117,117,117,117,117,117,117,117,117,117,117,117,117,117,117,117,117,117,117,117,117,117,117,117,117,117,117,117
2112,117,117,117,117,117,117,117,117,117,117,117,117,117,117,117,190,117,117,117,117,117,117,117,190,117,117,117,117,117,117,117,190
2176,190,117,117,117,117,117,117,117,117,117,117,117,117,117,117,190,190,117,117,117,117,117,117,190,190,117,117,117,117,117,117,190,190
2240,190,190,117,117,117,117,117,117,117,117,117,117,117,117,117,190,190,190,117,117,117,117,117,190,190,190,117,117,117,117,117,190,190,190
2304,190,190,190,117,117,117,117,117,117,117,117,117,117,117,117,190,190,190,190,117,117,117,117,190,190,190,190,117,117,117,117,190,190,190,190
2368,190,190,190,190,117,117,117,117,117,117,117,117,117,117,117,190,190,190,190,190,117,117,117,190,190,190,190,190,117,117,117,190,190,190,190,190
2432,190,190,190,190,190,117,117,117,117,117,117,117,117,117,117,190,190,190,190,190,190,117,117,190,190,190,190,190,190,117,117,190,190,190,190,190,190
2496,190,190,190,190,190,190,117,117,117,117,117,117,117,117,117,190,190,190,190,190,190,190,117,190,190,190,190,190,190,190,117,190,190,190,190,190,190,190
2560,190,190,190,190,190,190,190,117,117,117,117,117,117,117,117,190,190,190,190,190,190,190,190,190,190,190,190,190,190,190,190,190,190,190,190,190,190,190,190
2624,190,190,190,190,190,190,190,190,117,117,117,117,117,117,117,190,190,190,190,190,190,190,190,190,190,190,190,190,190,190,190,190,190,190,190,190,190,190,190,190
2688,190,190,190,190,190,190,190,190,190,117,117,117,117,117,117,190,190,190,190,190,190,190,190,190,190,190,190,190,190,190,190,190,190,190,190,190,190,190,190,190,190
2752,190,190,190,190,190,190,190,190,190,190,117,117,117,117,117,190,190,190,190,190,190,190,190,190,190,190,190,190,190,190,190,190,190,190,190,190,190,190,190,190,190,190
2816,190,190,190,190,190,190,190,190,190,190,190,117,117,117,117,190,190,190,190,190,190,190,190,190,190,190,190,190,190,190,190,190,190,190,190,190,190,190,190,190,190,190,190
