32,1408,117,117,117,117,117,117,117,117,117,117,117,117,117,117,117,117,117,117,117,117,117,117,117,117,117,117,117,117,117,117,117,117,117,117,117,117,117,117,117,117,117,117,117
32,1474,117,117,117,117,117,117,117,117,117,117,117,117,117,117,117,117,117,117,117,117,117,117,117,117,117,117,117,117,117,117,117,117,117,117,117,117,117,117,117,117,117,117,117,117,117
32,1540,117,117,117,117,117,117,117,117,117,117,117,117,117,117,117,117,117,117,117,117,117,117,117,117,117,117,117,117,117,117,117,117,117,117,117,117,117,117,117,117,117,117,117,117,117,117,117
32,1606,117,117,117,117,117,117,117,117,117,117,117,117,117,117,117,117,117,117,117,117,117,117,117,117,117,117,117,117,117,117,117,117,117,117,117,117,117,117,117,117,117,117,117,117,117,117,117,117,117
32,1672,117,117,117,117,117,117,117,117,117,117,117,117,117,117,117,117,117,117,117,117,117,117,117,117,117,117,117,117,117,117,117,117,117,117,117,117,117,117,117,117,117,117,117,117,117,117,117,117,117,117,117
32,1738,117,117,117,117,117,117,117,117,117,117,117,117,117,117,117,117,117,117,117,117,117,117,117,117,117,117,117,117,117,117,117,117,117,117,117,117,117,117,117,117,117,117,117,117,117,117,117,117,117,117,117,117,117
32,1804,117,117,117,117,117,117,117,117,117,117,117,117,117,117,117,117,117,117,117,117,117,117,117,117,117,117,117,117,117,117,117,117,117,117,117,117,117,117,117,117,117,117,117,117,117,117,117,117,117,117,117,117,117,117,117
32,1870,117,117,117,117,117,117,117,117,117,117,117,117,117,117,117,117,117,117,117,117,117,117,117,117,117,117,117,117,117,117,117,117,117,117,117,117,117,117,117,117,117,117,117,117,117,117,117,117,117,117,117,117,117,117,117,117,117
32,1936,117,117,117,117,117,117,117,117,117,117,117,117,117,117,117,117,117,117,117,117,117,117,117,117,117,117,117,117,117,117,117,117,117,117,117,117,117,117,117,117,117,117,117,117,117,117,117,117,117,117,117,117,117,117,117,117,117,117,117
32,2002,117,117,117,117,117,117,117,117,117,117,117,117,117,117,117,117,117,117,117,117,117,117,117,117,117,117,117,117,117,117,117,117,117,117,117,117,117,117,117,117,117,117,117,117,117,117,117,117,117,117,117,117,117,117,117,117,117,117,117,117,117
32,2068,117,117,117,117,117,117,117,117,117,117,117,117,117,117,117,117,117,117,117,117,117,117,117,117,117,117,117,117,117,117,117,117,117,117,117,117,117,117,117,117,117,117,117,117,117,117,117,117,117,117,117,117,117,117,117,117,117,117,117,117,117,117,117
32,2134,117,117,117,117,117,117,117,117,117,117,117,117,117,117,117,117,117,117,117,117,117,117,117,117,117,117,117,117,117,117,117,190,117,117,117,117,117,117,117,117,117,117,117,117,117,117,117,190,117,117,117,117,117,117,117,117,117,117,117,117,117,117,117,190,117
32,2200,117,190,117,117,117,117,117,117,117,117,117,117,117,117,117,117,117,117,117,117,117,117,117,117,117,117,117,117,117,117,117,190,117,190,117,117,117,117,117,117,117,117,117,117,117,117,117,190,117,190,117,117,117,117,117,117,117,117,117,117,117,117,117,190,117,190,117
32,2266,117,190,117,190,117,117,117,117,117,117,117,117,117,117,117,117,117,117,117,117,117,117,117,117,117,117,117,117,117,117,117,190,117,190,117,190,117,117,117,117,117,117,117,117,117,117,117,190,117,190,117,190,117,117,117,117,117,117,117,117,117,117,117,190,117,190,117,190,117
32,2332,117,190,117,190,117,190,117,117,117,117,117,117,117,117,117,117,117,117,117,117,117,117,117,117,117,117,117,117,117,117,117,190,117,190,117,190,117,190,117,117,117,117,117,117,117,117,117,190,117,190,117,190,117,190,117,117,117,117,117,117,117,117,117,190,117,190,117,190,117,190,117
32,2398,117,190,117,190,117,190,117,190,117,117,117,117,117,117,117,117,117,117,117,117,117,117,117,117,117,117,117,117,117,117,117,190,117,190,117,190,117,190,117,190,117,117,117,117,117,117,117,190,117,190,117,190,117,190,117,190,117,117,117,117,117,117,117,190,117,190,117,190,117,190,117,190,117
32,2464,117,190,117,190,117,190,117,190,117,190,117,190,117,117,117,117,117,117,117,117,117,117,117,117,117,117,117,117,117,117,117,190,117,190,117,190,117,190,117,190,117,190,117,190,117,117,117,190,117,190,117,190,117,190,117,190,117,190,117,190,117,117,117,190,117,190,117,190,117,190,117,190,117,190,117,190
32,2530,117,190,117,190,117,190,117,190,117,190,117,190,117,190,117,117,117,117,117,117,117,117,117,117,117,117,117,117,117,117,117,190,117,190,117,190,117,190,117,190,117,190,117,190,117,190,117,190,117,190,117,190,117,190,117,190,117,190,117,190,117,190,117,190,117,190,117,190,117,190,117,190,117,190,117,190,117,190
32,2596,117,190,117,190,117,190,117,190,117,190,117,190,117,190,117,190,117,117,117,117,117,117,117,117,117,117,117,117,117,117,117,190,117,190,117,190,117,190,117,190,117,190,117,190,117,190,117,190,117,190,117,190,117,190,117,190,117,190,117,190,117,190,117,190,117,190,117,190,117,190,117,190,117,190,117,190,117,190,117,190
32,2662,117,190,117,190,117,190,117,190,117,190,117,190,117,190,117,190,117,190,117,117,117,117,117,117,117,117,117,117,117,117,117,190,117,190,117,190,117,190,117,190,117,190,117,190,117,190,117,190,117,190,117,190,117,190,117,190,117,190,117,190,117,190,117,190,117,190,117,190,117,190,117,190,117,190,117,190,117,190,117,190,117,190
32,2728,117,190,117,190,117,190,117,190,117,190,117,190,117,190,117,190,117,190,117,190,117,117,117,117,117,117,117,117,117,117,117,190,117,190,117,190,117,190,117,190,117,190,117,190,117,190,117,190,117,190,117,190,117,190,117,190,117,190,117,190,117,190,117,190,117,190,117,190,117,190,117,190,117,190,117,190,117,190,117,190,117,190,117,190
32,2794,117,190,117,190,117,190,117,190,117,190,117,190,117,190,117,190,117,190,117,190,117,190,117,117,117,117,117,117,117,117,117,190,117,190,117,190,117,190,117,190,117,190,117,190,117,190,117,190,117,190,117,190,117,190,117,190,117,190,117,190,117,190,117,190,117,190,117,190,117,190,117,190,117,190,117,190,117,190,117,190,117,190,117,190,117,190
64,1408,117,117,117,117,117,117,117,117,117,117,117,117,117,117,117,117,117,117,117,117,117
64,1474,117,117,117,117,117,117,117,117,117,117,117,117,117,117,117,117,117,117,117,117,117,117
64,1540,117,117,117,117,117,117,117,117,117,117,117,117,117,117,117,117,117,117,117,117,117,117,117
64,1606,117,117,117,117,117,117,117,117,117,117,117,117,117,117,117,117,117,117,117,117,117,117,117,117
64,1672,117,117,117,117,117,117,117,117,117,117,117,117,117,117,117,117,117,117,117,117,117,117,117,117,117
64,1738,117,117,117,117,117,117,117,117,117,117,117,117,117,117,117,117,117,117,117,117,117,117,117,117,117,117
64,1804,117,117,117,117,117,117,117,117,117,117,117,117,117,117,117,117,117,117,117,117,117,117,117,117,117,117,117
64,1870,117,117,117,117,117,117,117,117,117,117,117,117,117,117,117,117,117,117,117,117,117,117,117,117,117,117,117,117
64,1936,117,117,117,117,117,117,117,117,117,117,117,117,117,117,117,117,117,117,117,117,117,117,117,117,117,117,117,117,117
64,2002,117,117,117,117,117,117,117,117,117,117,117,117,117,117,117,117,117,117,117,117,117,117,117,117,117,117,117,117,117,117
64,2068,117,117,117,117,117,117,117,117,117,117,117,117,117,117,117,117,117,117,117,117,117,117,117,117,117,117,117,117,117,117,117
64,2134,117,117,117,117,117,117,117,117,117,117,117,117,117,117,117,190,117,117,117,117,117,117,117,190,117,117,117,117,117,117,117,190
64,2200,190,117,117,117,117,117,117,117,117,117,117,117,117,117,117,190,190,117,117,117,117,117,117,190,190,117,117,117,117,117,117,190,190
64,2266,190,190,117,117,117,117,117,117,117,117,117,117,117,117,117,190,190,190,117,117,117,117,117,190,190,190,117,117,117,117,117,190,190,190
64,2332,190,190,190,117,117,117,117,117,117,117,117,117,117,117,117,190,190,190,190,117,117,117,117,190,190,190,190,117,117,117,117,190,190,190,190
64,2398,190,190,190,190,117,117,117,117,117,117,117,117,117,117,117,190,190,190,190,190,117,117,117,190,190,190,190,190,117,117,117,190,190,190,190,190
64,2464,190,190,190,190,190,117,117,117,117,117,117,117,117,117,117,190,190,190,190,190,190,117,117,190,190,190,190,190,190,117,117,190,190,190,190,190,190
64,2530,190,190,190,190,190,190,117,117,117,117,117,117,117,117,117,190,190,190,190,190,190,190,117,190,190,190,190,190,190,190,117,190,190,190,190,190,190,190
64,2596,190,190,190,190,190,190,190,117,117,117,117,117,117,117,117,190,190,190,190,190,190,190,190,190,190,190,190,190,190,190,190,190,190,190,190,190,190,190,190
64,2662,190,190,190,190,190,190,190,190,117,117,117,117,117,117,117,190,190,190,190,190,190,190,190,190,190,190,190,190,190,190,190,190,190,190,190,190,190,190,190,190
64,2728,190,190,190,190,190,190,190,190,190,117,117,117,117,117,117,190,190,190,190,190,190,190,190,190,190,190,190,190,190,190,190,190,190,190,190,190,190,190,190,190,190
64,2794,190,190,190,190,190,190,190,190,190,190,117,117,117,117,117,190,190,190,190,190,190,190,190,190,190,190,190,190,190,190,190,190,190,190,190,190,190,190,190,190,190,190
96,1408,117,117,117,117,117,117,117,117,117,117,117,117,117
96,1474,117,117,117,117,117,117,117,117,117,117,117,117,117,117
96,1540,117,117,117,117,117,117,117,117,117,117,117,117,117,117,117
96,1606,117,117,117,117,117,117,117,117,117,117,117,117,117,117,117
96,1672,117,117,117,117,117,117,117,117,117,117,117,117,117,117,117,117
96,1738,117,117,117,117,117,117,117,117,117,117,117,117,117,117,117,117,117
96,1804,117,117,117,117,117,117,117,117,117,117,117,117,117,117,117,117,117
96,1870,117,117,117,117,117,117,117,117,117,117,117,117,117,117,117,117,117,117
96,1936,117,117,117,117,117,117,117,117,117,117,117,117,117,117,117,117,117,117,117
96,2002,117,117,117,117,117,117,117,117,117,117,117,117,117,117,117,117,117,117,117
96,2068,117,117,117,117,117,117,117,117,117,117,117,117,117,117,117,117,117,117,117,117
96,2134,117,117,117,117,117,117,117,117,117,117,117,117,117,117,117,117,117,117,117,117,117
96,2200,117,117,117,117,117,117,117,117,117,117,117,117,117,117,117,117,117,117,117,117,117
96,2266,117,117,117,117,117,117,117,117,117,117,117,117,117,117,117,117,117,117,117,117,117,117
96,2332,117,117,117,117,117,117,117,117,117,117,117,117,117,117,117,117,117,117,117,117,117,117,117
96,2398,117,117,117,117,117,117,117,117,117,117,117,117,117,117,117,117,117,117,117,117,117,117,117
96,2464,117,117,117,117,117,117,117,117,117,117,117,117,117,117,117,117,117,117,117,117,117,117,117,117
96,2530,117,117,117,117,117,117,117,117,117,117,117,117,117,117,117,117,117,117,117,117,117,117,117,117,117
96,2596,117,117,117,117,117,117,117,117,117,117,117,117,117,117,117,117,117,117,117,117,117,117,117,117,117,117
96,2662,117,117,117,117,117,117,117,117,117,117,117,117,117,117,117,117,117,117,117,117,117,117,117,117,117,117
96,2728,117,117,117,117,117,117,117,117,117,117,117,117,117,117,117,117,117,117,117,117,117,117,117,117,117,117,117
96,2794,117,117,117,117,117,117,117,117,117,117,117,117,117,117,117,117,117,117,117,117,117,117,117,117,117,117,117,117
128,1408,117,117,117,117,117,117,117,117,117,117
128,1474,117,117,117,117,117,117,117,117,117,117
128,1540,117,117,117,117,117,117,117,117,117,117,117
128,1606,117,117,117,117,117,117,117,117,117,117,117
128,1672,117,117,117,117,117,117,117,117,117,117,117,117
128,1738,117,117,117,117,117,117,117,117,117,117,117,117
128,1804,117,117,117,117,117,117,117,117,117,117,117,117,117
128,1870,117,117,117,117,117,117,117,117,117,117,117,117,117
128,1936,117,117,117,117,117,117,117,117,117,117,117,117,117,117
128,2002,117,117,117,117,117,117,117,117,117,117,117,117,117,117
128,2068,117,117,117,117,117,117,117,117,117,117,117,117,117,117,117
128,2134,117,117,117,117,117,117,117,117,117,117,117,117,117,117,117
128,2200,117,117,117,117,117,117,117,190,117,117,117,190,117,117,117,190
128,2266,117,117,117,117,117,117,117,190,117,117,117,190,117,117,117,190
128,2332,190,117,117,117,117,117,117,190,190,117,117,190,190,117,117,190,190
128,2398,190,117,117,117,117,117,117,190,190,117,117,190,190,117,117,190,190
128,2464,190,190,117,117,117,117,117,190,190,190,117,190,190,190,117,190,190,190
128,2530,190,190,117,117,117,117,117,190,190,190,117,190,190,190,117,190,190,190
128,2596,190,190,190,117,117,117,117,190,190,190,190,190,190,190,190,190,190,190,190
128,2662,190,190,190,117,117,117,117,190,190,190,190,190,190,190,190,190,190,190,190
128,2728,190,190,190,190,117,117,117,190,190,190,190,190,190,190,190,190,190,190,190,190
128,2794,190,190,190,190,117,117,117,190,190,190,190,190,190,190,190,190,190,190,190,190
160,1408,117,117,117,117,117,117,117
160,1474,117,117,117,117,117,117,117,117
160,1540,117,117,117,117,117,117,117,117
160,1606,117,117,117,117,117,117,117,117,117
160,1672,117,117,117,117,117,117,117,117,117
160,1738,117,117,117,117,117,117,117,117,117
160,1804,117,117,117,117,117,117,117,117,117,117
160,1870,117,117,117,117,117,117,117,117,117,117
160,1936,117,117,117,117,117,117,117,117,117,117,117
160,2002,117,117,117,117,117,117,117,117,117,117,117
160,2068,117,117,117,117,117,117,117,117,117,117,117
160,2134,117,117,117,117,117,117,117,117,117,117,117,117
160,2200,117,117,117,117,117,117,117,117,117,117,117,117
160,2266,117,117,117,117,117,117,117,117,117,117,117,117,117
160,2332,117,117,117,117,117,117,117,117,117,117,117,117,117
160,2398,117,117,117,117,117,117,117,117,117,117,117,117,117
160,2464,117,117,117,117,117,117,117,117,117,117,117,117,117,117
160,2530,117,117,117,117,117,117,117,117,117,117,117,117,117,117
160,2596,117,117,117,117,117,117,117,117,117,117,117,117,117,117,117
160,2662,117,117,117,117,117,117,117,117,117,117,117,117,117,117,117
160,2728,117,117,117,117,117,117,117,117,117,117,117,117,117,117,117,117
160,2794,117,117,117,117,117,117,117,117,117,117,117,117,117,117,117,117
192,1408,117,117,117,117,117,117
192,1474,117,117,117,117,117,117
192,1540,117,117,117,117,117,117,117
192,1606,117,117,117,117,117,117,117
192,1672,117,117,117,117,117,117,117
192,1738,117,117,117,117,117,117,117,117
192,1804,117,117,117,117,117,117,117,117
192,1870,117,117,117,117,117,117,117,117
192,1936,117,117,117,117,117,117,117,117,117
192,2002,117,117,117,117,117,117,117,117,117
192,2068,117,117,117,117,117,117,117,117,117
192,2134,117,117,117,117,117,117,117,117,117,117
192,2200,117,117,117,117,117,117,117,117,117,117
192,2266,117,117,117,117,117,117,117,117,117,117
192,2332,117,117,117,117,117,117,117,117,117,117,117
192,2398,117,117,117,117,117,117,117,117,117,117,117
192,2464,117,117,117,117,117,117,117,117,117,117,117
192,2530,117,117,117,117,117,117,117,117,117,117,117,117
192,2596,117,117,117,117,117,117,117,117,117,117,117,117
192,2662,117,117,117,117,117,117,117,117,117,117,117,117
192,2728,117,117,117,117,117,117,117,117,117,117,117,117,117
192,2794,117,117,117,117,117,117,117,117,117,117,117,117,117
224,1408,117,117,117,117,117
224,1474,117,117,117,117,117
224,1540,117,117,117,117,117
224,1606,117,117,117,117,117,117
224,1672,117,117,117,117,117,117
224,1738,117,117,117,117,117,117
224,1804,117,117,117,117,117,117,117
224,1870,117,117,117,117,117,117,117
224,1936,117,117,117,117,117,117,117
224,2002,117,117,117,117,117,117,117
224,2068,117,117,117,117,117,117,117,117
224,2134,117,117,117,117,117,117,117,117
224,2200,117,117,117,117,117,117,117,117
224,2266,117,117,117,117,117,117,117,117,117
224,2332,117,117,117,117,117,117,117,117,117
224,2398,117,117,117,117,117,117,117,117,117
224,2464,117,117,117,117,117,117,117,117,117,117
224,2530,117,117,117,117,117,117,117,117,117,117
224,2596,117,117,117,117,117,117,117,117,117,117
224,2662,117,117,117,117,117,117,117,117,117,117
224,2728,117,117,117,117,117,117,117,117,117,117,117
224,2794,117,117,117,117,117,117,117,117,117,117,117
256,1408,117,117,117,117
256,1474,117,117,117,117
256,1540,117,117,117,117,117
256,1606,117,117,117,117,117
256,1672,117,117,117,117,117
256,1738,117,117,117,117,117
256,1804,117,117,117,117,117,117
256,1870,117,117,117,117,117,117
256,1936,117,117,117,117,117,117
256,2002,117,117,117,117,117,117
256,2068,117,117,117,117,117,117,117
256,2134,117,117,117,117,117,117,117
256,2200,117,117,117,117,117,117,117
256,2266,117,117,117,117,117,117,117
256,2332,117,117,117,190,117,190,117,190
256,2398,117,117,117,190,117,190,117,190
256,2464,117,117,117,190,117,190,117,190
256,2530,117,117,117,190,117,190,117,190
256,2596,190,117,117,190,190,190,190,190,190
256,2662,190,117,117,190,190,190,190,190,190
256,2728,190,117,117,190,190,190,190,190,190
256,2794,190,117,117,190,190,190,190,190,190
288,1408,117,117,117
288,1474,117,117,117,117
288,1540,117,117,117,117
288,1606,117,117,117,117
288,1672,117,117,117,117
288,1738,117,117,117,117,117
288,1804,117,117,117,117,117
288,1870,117,117,117,117,117
288,1936,117,117,117,117,117
288,2002,117,117,117,117,117
288,2068,117,117,117,117,117,117
288,2134,117,117,117,117,117,117
288,2200,117,117,117,117,117,117
288,2266,117,117,117,117,117,117
288,2332,117,117,117,117,117,117,117
288,2398,117,117,117,117,117,117,117
288,2464,117,117,117,117,117,117,117
288,2530,117,117,117,117,117,117,117
288,2596,117,117,117,117,117,117,117,117
288,2662,117,117,117,117,117,117,117,117
288,2728,117,117,117,117,117,117,117,117
288,2794,117,117,117,117,117,117,117,117
