1140
1088
1058
495
1080
477
672
1105
1063
1068
479
480
506
497
478
481
1070
1084
1074
1085
1080
1095
1113
1059
1103
1117
1133
476
1069
1086
479
1147
504
474
1060
478
1143
486
474
494
482
1155
477
495
474
620
485
518
473
483
476
482
481
479
496
1065
558
489
493
481
1073
475
504
500
1096
1071
553
482
470
1067
470
489
494
480
484
489
492
479
495
482
491
493
470
496
489
464
492
478
479
480
498
474
1060
473
493
500
478
494
475
476
493
481
479
490
482
506
470
477
474
495
491
494
492
468
471
495
630
494
498
473
469
479
486
473
501
495
475
502
468
479
497
493
478
485
473
472
472
484
481
471
519
496
497
491
471
508
489
493
483
497
490
481
494
489
559
490
473
486
491
477
498
496
479
483
491
506
491
511
499
332
330
494
488
480
493
482
512
471
517
499
473
471
469
479
471
505
485
484
511
473
508
492
487
480
482
484
476
480
488
488
529
502
479
484
471
480
481
488
498
498
472
327
472
483
505
495
485
492
486
480
480
527
484
496
490
482
485
491
479
494
476
494
481
497
510
481
490
496
467
501
485
477
472
471
478
505
475
664
474
494
476
475
495
474
494
479
478
479
471
480
490
473
492
477
472
471
471
469
494
474
494
488
329
492
485
469
476
479
477
469
487
472
471
485
509
474
505
513
505
483
500
472
477
486
511
505
483
493
506
478
491
482
486
502
479
475
475
475
512
489
483
485
484
485
475
476
491
490
473
478
466
471
482
481
475
509
507
493
468
497
494
487
492
496
477
551
494
478
473
470
483
472
505
495
475
481
489
475
489
484
468
487
483
490
488
480
471
497
499
495
468
485
483
471
477
469
511
499
490
488
473
491
472
486
480
484
483
486
672
337
481
507
496
519
495
474
508
467
472
473
464
470
481
484
493
494
475
484
491
490
469
495
490
474
581
480
471
491
490
481
488
498
494
494
566
490
474
486
494
481
476
482
484
494
467
494
480
480
479
481
680
481
469
488
472
475
476
493
489
481
480
491
485
471
486
473
470
475
483
478
475
488
487
468
484
482
512
485
509
490
495
478
492
492
484
489
485
495
483
501
505
480
479
506
473
478
479
483
485
514
492
480
655
496
471
482
491
478
471
473
478
471
506
470
493
474
471
507
494
496
483
494
481
474
493
499
478
477
641
475
479
499
479
472
494
484
503
495
472
470
514
481
476
484
466
548
496
516
493
509
471
487
481
483
493
481
472
482
493
481
475
486
478
485
470
493
482
496
493
483
485
495
489
471
479
491
493
475
474
487
574
327
479
473
473
471
506
507
484
495
495
480
475
473
482
492
490
471
497
535
469
471
481
478
495
478
488
505
483
479
482
490
477
471
479
469
473
472
481
471
493
474
475
494
483
514
470
479
469
471
465
473
471
487
479
475
474
482
481
495
491
474
471
492
481
493
491
482
486
491
482
482
486
469
495
497
479
491
483
484
481
479
482
482
482
469
482
491
530
480
463
468
480
494
479
491
491
484
511
475
489
488
496
490
472
593
493
472
495
477
465
507
495
488
489
518
477
493
505
495
475
479
477
494
487
491
479
488
470
511
490
634
492
497
468
479
482
472
483
471
492
554
480
497
472
491
483
468
475
470
510
485
475
481
486
479
490
574
470
326
492
484
481
491
497
508
482
510
485
488
470
479
481
496
487
501
491
491
477
482
493
471
476
555
491
471
474
490
485
488
480
475
470
497
326
483
500
475
483
493
479
503
493
493
480
493
492
509
470
485
490
473
476
482
478
493
479
478
511
484
473
472
483
500
511
473
475
493
473
497
480
496
487
486
507
492
473
496
492
519
495
487
497
482
492
474
473
479
473
479
469
479
481
504
507
513
475
470
481
508
493
476
486
496
484
484
472
485
481
482
490
497
483
485
481
484
487
473
506
491
494
497
484
486
471
481
470
495
482
470
473
473
479
483
465
484
490
493
479
474
477
496
497
484
508
494
483
490
477
494
482
495
475
495
618
495
483
475
470
473
487
485
491
481
475
487
489
491
481
536
483
578
495
463
484
512
496
336
472
495
506
478
497
472
482
479
472
488
474
480
476
477
492
509
496
471
462
481
478
486
484
495
479
479
476
471
471
489
496
496
485
476
517
494
329
511
508
486
469
568
482
509
482
482
469
511
480
491
492
468
475
490
470
506
488
471
489
469
488
486
472
472
495
472
482
508
476
506
493
472
474
471
480
483
514
468
490
490
480
478
476
486
485
470
480
492
486
507
485
484
482
494
495
482
565
478
488
474
489
501
486
481
494
477
469
495
470
486
484
479
501
478
495
476
482
507
492
484
468
484
473
479
487
490
480
471
510
470
497
474
507
618
471
483
475
479
490
480
494
494
496
479
478
471
479
497
488
485
497
490
505
512
479
493
481
491
487
494
487
491
483
475
470
484
485
480
495
470
489
493
480
484
494
567
470
478
524
481
476
475
495
479
479
477
510
510
475
500
485
474
493
583
492
489
481
559
472
479
505
474
331
472
474
486
490
469
484
475
486
473
480
473
473
506
489
505
471
482
493
486
494
474
497
485
500
475
479
477
478
487
493
490
474
474
475
491
481
483
469
485
506
461
493
474
482
491
482
491
487
481
485
474
477
501
507
472
494
495
470
478
493
481
474
489
489
487
509
487
474
505
564
497
489
491
467
483
474
494
466
491
504
470
504
494
481
467
496
491
482
496
478
511
481
483
545
493
482
472
513
474
477
479
475
510
472
483
490
509
477
484
482
469
473
493
484
482
476
480
477
482
481
509
478
490
509
481
472
474
477
488
505
494
478
496
484
497
485
475
505
481
491
493
475
470
477
495
494
496
480
475
476
513
511
489
479
484
477
474
472
478
474
572
502
485
481
495
479
469
471
477
471
481
479
508
481
490
469
502
488
489
491
479
486
508
490
511
480
480
481
507
471
479
588
484
483
490
487
495
510
494
476
472
483
481
492
475
483
546
484
470
494
500
472
480
492
478
480
487
485
473
504
472
503
481
484
470
506
485
473
471
494
495
473
470
489
478
474
496
479
478
484
486
470
474
611
490
469
491
496
486
483
470
482
480
472
470
508
514
487
515
471
471
495
488
475
471
483
481
502
555
515
485
469
493
488
517
488
495
478
496
484
510
484
478
479
478
489
473
496
509
491
499
491
482
474
473
609
479
482
482
493
479
492
472
493
480
483
486
485
493
481
486
487
475
473
486
469
472
475
479
492
492
648
497
492
492
489
495
487
464
480
476
573
497
467
494
483
481
483
481
475
491
486
496
485
482
480
477
472
484
493
475
487
491
490
485
477
471
475
472
480
480
480
482
471
494
472
478
478
496
482
470
510
471
654
476
494
471
471
474
491
484
487
480
483
495
572
492
484
329
509
488
495
480
507
482
476
471
471
490
640
474
480
482
475
483
496
488
481
477
480
477
496
484
485
492
503
485
497
486
488
500
481
473
479
496
643
478
510
470
476
496
480
518
521
488
476
503
496
509
485
470
507
492
481
484
479
495
493
492
492
504
475
494
472
473
482
481
476
524
470
479
479
481
476
485
494
489
518
494
490
480
486
473
482
475
507
470
544
481
483
493
507
479
497
506
504
483
473
474
471
511
497
512
477
495
498
475
560
498
484
494
506
489
478
474
478
494
494
485
491
472
492
501
479
513
502
474
494
495
472
496
487
475
474
476
491
482
495
482
472
488
492
490
480
479
497
330
494
474
481
487
471
489
486
474
484
485
488
482
485
481
487
488
472
472
656
493
484
483
485
482
488
486
487
493
483
470
469
475
477
500
474
486
490
490
476
480
479
489
479
474
535
492
496
509
476
496
502
507
525
471
490
466
466
509
479
478
478
471
512
463
502
495
494
483
478
484
540
476
473
479
471
467
490
486
493
496
508
487
490
480
470
481
482
495
511
500
487
482
495
509
509
498
621
483
492
491
480
487
494
486
473
485
476
510
477
470
460
495
491
493
487
479
512
495
484
478
482
480
483
494
477
481
481
480
494
472
479
504
486
485
481
470
494
491
472
490
493
473
473
505
483
490
477
509
533
473
508
472
514
510
474
492
493
472
493
474
481
485
473
511
486
511
474
478
490
475
468
495
468
482
495
483
494
492
568
474
479
496
476
507
495
491
479
488
472
486
482
485
507
496
478
480
506
481
488
496
579
484
489
491
511
482
481
494
475
505
498
503
494
490
483
481
484
493
487
507
471
490
499
477
471
486
479
495
473
469
510
472
477
482
503
474
487
490
496
471
493
480
482
480
473
491
488
480
496
479
481
482
470
492
492
482
480
504
479
496
480
511
494
327
510
492
483
472
485
492
474
476
491
503
484
479
487
504
333
482
496
513
470
481
478
473
476
483
473
482
553
468
490
511
486
483
496
492
472
477
476
472
483
479
497
480
494
492
473
479
471
486
507
475
546
471
485
484
495
491
473
480
496
493
483
482
478
477
486
479
499
473
499
478
486
475
490
511
509
497
495
492
492
503
495
511
471
490
493
482
473
470
520
477
490
510
495
562
480
487
494
521
475
494
511
506
480
484
490
484
494
471
475
479
478
477
489
489
494
483
496
467
478
542
486
475
508
493
474
505
503
472
492
513
480
562
488
494
493
471
493
482
470
550
473
554
482
471
472
