113
113
113
113
113
113
113
40
113
113
113
113
113
113
113
40
113
113
113
113
113
113
113
113
113
113
113
113
113
113
113
113
113
113
113
273
113
113
113
113
113
113
113
275
113
113
113
113
113
113
113
263
113
113
113
113
113
113
113
263
113
113
113
113
113
113
113
273
113
113
113
113
113
113
113
273
113
113
113
113
113
113
113
264
113
113
113
113
113
113
113
263
113
113
113
113
113
113
113
273
113
113
113
113
113
113
113
273
113
113
113
113
113
113
113
113
113
113
113
113
113
113
113
113
113
113
113
