1504
2088
1456
1592
1548
2012
1176
1156
1592
1432
1388
1148
1412
1140
1356
1196
648
1060
972
1148
1444
1116
640
1124
1172
1564
640
1552
1136
1536
668
1152
668
1188
1056
680
776
1364
1152
1648
1204
1280
560
668
932
680
1272
920
1244
1168
700
564
988
1136
1120
652
1140
780
644
1464
668
996
640
1064
1140
660
628
1160
764
960
672
1168
660
1132
660
1992
1248
1136
672
640
1436
1132
656
668
812
668
664
636
700
772
640
668
640
1204
1112
772
640
660
644
760
564
1216
1140
1272
668
560
1140
668
1116
760
640
664
640
640
1160
564
644
656
588
576
1108
668
700
580
640
668
660
756
640
592
644
1160
660
640
664
1144
644
660
948
668
672
640
640
1156
660
1192
672
660
780
640
660
760
644
724
672
668
596
644
1108
640
768
672
704
660
664
1156
644
656
660
672
652
640
776
592
768
640
760
768
660
764
688
672
640
656
732
644
564
668
764
644
672
576
640
644
560
664
660
712
672
636
668
644
644
644
1144
668
640
668
624
756
664
1028
772
640
640
560
792
620
668
664
660
688
668
668
672
644
1204
768
772
584
656
644
644
1132
664
672
664
644
668
672
680
660
564
640
708
644
764
760
656
768
704
652
668
680
644
572
660
664
660
700
640
660
664
772
700
672
712
648
668
668
724
768
660
768
648
640
752
672
1152
636
640
668
640
640
640
668
644
664
640
836
688
668
668
764
640
664
644
660
640
588
676
776
588
636
784
660
680
640
668
644
760
656
668
640
760
668
680
668
644
720
776
676
652
644
784
680
640
656
668
660
640
948
620
668
760
668
668
668
660
668
640
1060
704
788
656
668
656
688
668
660
588
640
880
668
760
584
660
640
644
664
564
656
644
668
724
668
768
656
644
668
648
692
668
640
644
708
656
644
668
756
668
660
760
620
644
648
588
792
660
704
768
660
776
656
680
668
656
580
644
640
764
668
644
644
660
700
644
592
672
644
704
640
724
640
656
640
660
760
776
668
640
668
668
644
644
1148
672
660
652
660
660
636
660
700
672
660
648
656
644
652
688
640
656
1188
672
640
780
752
668
640
580
644
648
672
708
664
704
672
760
640
664
672
640
768
644
644
676
968
672
640
640
640
672
644
644
640
648
656
668
640
764
664
660
768
724
668
764
648
564
680
652
672
864
664
640
668
652
656
772
668
640
680
708
640
644
772
664
668
560
776
644
660
760
648
668
968
668
768
680
684
704
700
676
660
644
640
640
804
660
1072
660
712
656
652
764
636
760
760
640
640
644
668
680
660
668
664
660
968
708
668
640
664
640
656
644
968
664
968
668
664
792
764
648
640
680
644
764
772
664
772
656
664
660
708
688
652
668
972
772
768
640
640
712
660
660
656
664
656
640
664
640
656
672
672
640
724
656
640
652
644
668
640
564
776
704
640
664
656
760
664
668
640
640
764
676
656
696
672
672
660
672
644
640
664
668
764
644
664
660
668
668
652
764
644
660
700
704
640
644
656
644
660
660
640
792
640
660
636
656
660
760
768
668
700
644
644
660
688
764
688
688
668
588
676
668
576
640
664
644
664
672
572
648
708
656
668
724
672
648
664
820
784
660
656
644
644
640
664
660
652
640
672
640
660
764
648
644
580
644
652
672
704
660
768
640
660
660
672
660
640
700
764
580
776
668
756
704
644
848
636
656
760
764
640
640
608
672
640
672
668
636
600
656
664
672
676
708
672
940
644
664
656
640
668
764
768
668
668
940
656
656
640
700
656
780
640
704
776
640
664
1156
704
660
668
656
640
668
648
988
688
764
600
760
656
656
636
640
772
668
716
644
664
640
640
664
668
656
640
656
764
840
636
640
664
656
792
640
628
704
660
660
700
672
672
764
640
672
640
764
696
640
672
1048
656
772
780
660
644
1052
664
640
660
796
636
668
664
668
776
660
668
752
696
724
768
660
644
576
600
668
584
644
644
664
668
708
688
668
664
672
584
660
640
640
648
664
652
648
580
652
644
668
648
668
668
664
668
580
700
668
676
668
676
664
1008
664
668
644
644
656
708
644
668
648
596
704
656
640
648
668
644
644
772
660
644
664
768
656
644
764
588
644
644
668
640
640
660
668
640
664
640
680
664
564
648
664
680
772
760
772
828
640
668
660
640
660
652
640
636
668
972
648
768
660
660
652
652
668
680
672
580
656
672
668
704
764
792
640
668
704
672
640
636
668
688
680
660
652
576
672
700
640
660
656
644
644
644
768
656
668
640
680
640
640
668
640
1048
644
672
660
640
640
672
668
684
644
656
660
764
644
668
588
756
656
660
640
656
668
784
1092
720
668
644
644
648
640
644
704
636
644
640
772
644
668
668
660
672
668
676
776
640
668
564
668
572
668
644
644
668
708
792
640
764
764
644
668
708
644
760
772
708
560
768
668
824
704
660
640
656
668
640
648
648
640
724
760
1040
672
668
640
560
640
652
1160
668
772
644
760
776
688
892
664
636
656
664
668
664
696
656
768
652
668
644
656
644
792
644
780
604
560
640
692
664
672
688
660
636
664
656
772
764
564
572
660
700
672
660
588
1084
704
660
668
704
668
700
640
720
656
764
768
652
640
640
668
640
668
660
660
636
640
644
872
656
668
600
640
756
656
640
640
668
652
672
760
648
680
764
640
680
640
652
668
684
660
772
668
664
644
656
672
656
792
640
588
644
668
644
644
676
644
668
644
672
660
660
688
636
656
644
668
644
668
660
640
664
696
668
644
640
660
656
564
636
644
640
708
648
660
764
644
668
760
724
644
660
668
668
784
556
668
660
640
704
632
640
668
668
640
656
660
640
644
660
668
664
768
1008
640
588
760
648
668
656
640
672
688
768
656
1076
672
760
644
656
668
756
668
664
644
700
640
656
644
668
680
640
656
636
668
660
664
1224
640
664
640
700
640
676
644
640
660
668
660
772
656
760
648
668
776
716
644
636
568
640
660
656
660
640
660
640
660
640
760
640
660
644
656
636
640
760
656
644
708
668
668
636
640
664
644
640
640
668
656
644
768
672
660
640
660
764
760
636
1084
792
656
776
664
672
668
656
660
640
904
776
672
564
640
656
684
660
668
652
640
668
756
616
664
644
660
764
664
644
640
656
672
664
768
668
660
724
768
664
964
708
644
660
652
668
676
664
644
668
644
768
664
668
708
664
660
640
640
644
980
680
688
636
660
644
800
668
684
660
700
652
700
668
664
1032
668
684
592
652
672
772
644
680
688
780
584
676
660
576
984
668
664
660
652
664
704
776
668
640
980
772
656
652
764
672
656
652
764
688
664
692
660
668
660
672
656
576
640
752
680
708
1196
656
672
792
676
696
640
652
672
648
680
660
664
676
560
644
672
644
648
680
672
760
672
640
668
672
664
664
644
564
680
768
660
672
704
660
640
692
680
668
772
680
676
768
668
760
712
660
668
656
644
668
760
656
776
724
640
640
648
656
664
676
648
560
664
640
580
668
656
660
672
644
664
676
648
772
700
640
660
648
704
992
644
668
644
664
772
668
660
640
792
772
668
676
664
664
664
676
764
640
664
660
656
648
656
776
664
644
704
676
680
640
644
668
780
772
672
660
672
672
640
660
560
640
668
640
660
700
688
640
676
644
560
560
776
664
644
592
772
768
664
760
672
660
656
560
700
656
764
644
660
656
1076
640
672
668
668
668
644
720
644
644
668
680
668
636
780
656
672
764
640
660
660
644
640
712
640
756
704
564
668
656
560
640
640
664
580
688
640
760
1120
644
700
660
1116
644
652
796
772
660
640
664
704
660
668
636
760
660
660
660
644
640
664
760
660
660
668
724
660
640
640
656
688
768
644
644
764
668
640
636
652
640
588
668
560
564
656
664
664
956
668
640
672
660
756
760
660
660
644
664
708
704
648
664
796
668
668
668
764
712
792
656
668
728
672
852
772
644
640
1024
768
660
640
660
688
700
644
1032
672
664
640
648
680
560
932
664
1024
668
672
708
680
660
760
636
680
640
704
680
664
668
768
556
680
668
776
660
580
568
660
676
640
656
668
648
584
640
652
660
664
580
700
664
644
668
664
684
680
660
640
660
648
648
640
664
644
764
668
640
764
644
640
664
648
668
640
760
640
640
848
672
648
768
776
792
644
664
664
656
760
668
640
644
668
640
656
656
640
644
672
768
660
640
648
676
668
660
656
672
668
724
656
656
664
748
708
764
580
712
660
664
980
652
772
640
660
644
668
684
656
660
756
640
640
772
660
636
668
648
640
640
648
704
664
560
652
688
1184
664
640
764
660
764
664
588
656
588
760
1252
688
668
652
640
644
644
656
768
640
700
676
640
640
644
700
640
664
720
660
664
652
644
644
660
640
712
564
652
640
708
668
760
640
788
652
704
668
1004
772
656
664
660
712
664
784
776
640
644
668
636
764
640
872
644
656
768
644
656
660
564
640
652
964
644
768
636
764
648
664
664
660
672
704
664
640
672
612
764
668
640
760
664
668
640
668
644
772
592
644
560
704
644
760
672
668
644
656
660
680
764
776
776
644
776
640
704
660
672
644
660
640
668
668
636
644
656
644
672
688
724
588
640
704
680
672
768
680
640
656
648
708
648
640
640
644
772
764
756
668
684
648
660
668
644
680
656
660
772
680
704
780
656
668
756
592
644
640
668
952
660
700
636
644
668
688
960
644
668
668
640
644
768
776
668
724
672
640
