233
234
239
234
234
234
234
233
234
239
233
234
234
234
239
234
234
234
233
234
234
239
232
234
234
234
238
234
234
233
234
234
234
239
234
233
234
234
239
234
234
234
233
234
234
239
234
234
233
234
238
234
234
234
233
234
234
238
234
234
234
234
239
234
218
218
218
218
218
223
219
219
218
219
224
219
219
219
219
218
218
224
218
219
219
218
224
218
218
218
218
219
219
224
218
218
219
218
223
219
218
218
219
219
218
223
219
219
219
218
224
219
218
218
218
218
218
223
217
219
219
218
224
219
218
218
219
218
234
239
234
234
234
233
239
234
233
232
234
233
234
239
232
234
234
234
239
234
234
234
234
234
234
239
234
233
233
233
239
234
234
233
233
234
234
239
233
233
233
234
239
234
234
232
233
234
234
239
233
233
234
233
239
233
234
234
234
233
234
239
234
234
218
218
224
218
218
218
218
218
218
224
219
219
218
219
223
219
219
219
218
217
219
224
218
218
219
219
224
218
218
219
219
218
218
223
218
219
218
218
223
219
218
218
218
218
218
223
219
219
219
219
223
218
219
218
218
219
217
223
218
218
218
218
223
