1536,125,124,124,124,124,124,124,124,124,124,124,124,124,124,124,124,124,124,124,124,124,124,124
1600,124,124,124,124,124,124,124,124,124,124,124,124,124,124,124,124,124,124,124,124,124,124,124,124
1664,124,124,124,124,124,124,124,124,124,124,124,124,124,124,124,124,124,124,124,124,124,124,124,124,124
1728,124,124,124,124,124,124,124,124,124,124,124,124,124,124,124,124,124,124,124,124,124,124,124,124,124,124
1792,125,124,124,124,124,124,124,124,124,124,124,124,124,124,124,124,124,124,124,124,124,124,124,124,124,124,124
1856,124,124,124,124,124,124,124,124,124,124,124,124,124,124,124,124,124,124,124,124,124,124,124,124,124,124,124,124
1920,124,124,124,124,124,124,124,124,124,124,124,124,124,124,124,124,124,124,124,124,124,124,124,124,124,124,124,124,124
1984,125,124,124,124,124,124,124,124,124,124,124,124,124,124,124,124,124,124,124,124,124,124,124,124,124,124,124,124,124,124
2048,124,124,124,124,124,124,124,124,124,124,124,124,124,124,124,124,124,124,124,124,124,124,124,124,124,124,124,124,124,124,124
2112,124,124,124,124,124,124,124,124,124,124,124,124,124,124,124,186,124,124,124,124,124,124,124,186,124,124,124,124,124,124,124,186
2176,187,124,136,124,124,124,124,124,124,124,124,124,124,124,124,186,186,124,124,124,124,124,124,186,186,124,124,124,124,124,124,186,186
2240,187,185,124,124,124,124,124,124,124,124,124,124,124,124,124,186,186,186,124,124,124,124,124,186,186,184,124,124,124,124,124,186,186,186
2304,186,190,186,124,124,124,124,124,124,124,124,124,124,124,124,186,186,186,186,124,124,124,124,186,186,186,186,124,124,124,124,186,186,186,186
2368,186,186,186,186,124,124,124,124,124,124,124,124,124,124,124,186,186,186,186,186,124,124,124,186,186,186,186,186,124,124,124,186,186,186,186,186
2432,184,186,186,186,186,124,124,124,124,124,124,124,124,124,124,186,186,186,186,186,186,124,124,186,186,186,186,186,186,124,124,186,186,186,186,186,186
2496,187,186,186,186,186,186,124,124,124,124,124,124,124,124,124,186,186,186,186,186,186,186,124,186,186,186,186,186,186,186,124,186,186,186,186,186,186,186
2560,186,186,186,186,186,186,186,124,124,124,124,124,124,124,124,186,186,186,186,186,186,186,186,186,186,186,186,186,186,186,186,186,186,186,186,186,186,186,186
2624,186,186,186,186,186,186,186,186,124,124,124,124,124,124,124,186,186,186,186,186,186,186,186,186,186,186,186,186,186,186,184,186,186,186,186,186,186,186,186,186
2688,186,186,186,186,186,186,186,186,186,124,124,124,124,124,124,186,186,186,186,186,186,186,186,186,186,186,186,186,186,186,186,186,186,186,186,186,186,186,186,186,186
2752,187,184,186,186,186,186,186,186,186,186,124,124,124,124,124,186,186,186,186,186,186,186,184,186,186,186,186,186,186,186,186,186,186,186,186,186,186,186,186,186,186,186
2816,186,186,186,186,186,186,186,186,186,186,186,124,124,124,124,186,186,186,186,186,186,186,186,186,186,186,186,186,186,186,186,186,186,186,186,186,186,186,186,186,186,186,186
