940
937
422
950
1042
547
957
995
924
953
973
1013
438
952
427
793
954
946
414
398
939
418
410
944
420
1001
954
955
409
935
409
288
401
419
403
415
939
933
397
972
922
424
932
400
930
410
393
279
420
422
415
409
423
423
417
418
403
934
410
426
399
424
414
290
409
433
408
417
431
405
440
436
920
412
432
408
405
412
417
278
403
436
409
413
417
395
409
405
417
413
431
413
421
417
410
288
403
426
408
435
411
414
420
409
421
426
408
417
926
410
407
272
929
425
424
402
416
421
408
479
405
400
424
417
407
423
411
280
413
413
397
425
419
412
385
500
415
404
418
420
426
413
405
278
456
416
398
406
416
409
395
425
417
435
402
423
422
417
425
286
410
435
421
404
404
423
404
423
417
405
402
495
416
414
412
278
420
422
408
434
443
387
409
439
414
418
437
421
283
416
407
279
411
407
400
397
430
289
391
425
397
412
412
423
422
435
420
272
399
438
405
400
415
421
396
430
421
402
433
398
413
431
412
294
424
414
395
404
421
412
419
407
408
402
413
417
396
420
404
277
412
416
432
416
405
413
412
417
428
401
411
402
397
415
400
277
412
425
393
412
444
420
490
416
399
400
410
421
414
412
423
275
425
415
410
410
423
397
428
425
411
413
417
409
431
432
410
273
403
420
405
415
434
393
410
415
416
414
409
411
426
420
433
277
400
417
418
427
432
404
391
438
412
408
438
412
414
426
406
277
400
416
429
396
432
418
417
415
413
415
398
401
410
407
423
287
407
423
404
393
426
401
422
426
403
415
415
414
423
419
416
280
405
422
401
416
435
412
402
418
406
428
404
411
419
419
395
290
429
407
425
423
423
420
411
434
410
408
415
409
408
430
410
282
406
403
414
402
421
405
427
401
412
400
407
403
424
424
404
284
430
404
418
417
426
394
407
439
414
423
421
402
423
421
464
290
396
418
394
427
410
392
431
413
419
406
414
404
413
428
398
274
424
448
401
493
430
402
416
409
407
416
417
412
415
417
419
284
413
415
397
402
426
410
422
426
441
412
415
416
414
395
421
286
395
436
410
423
417
401
420
436
414
413
424
415
420
419
424
274
423
417
423
417
415
427
416
422
409
405
426
405
412
484
406
272
420
435
424
427
400
412
397
418
409
411
417
408
422
457
430
290
403
409
409
414
439
411
418
419
409
428
439
469
437
422
403
284
421
407
409
414
401
420
403
401
426
408
421
404
415
408
403
286
414
428
403
409
418
400
412
414
418
402
405
397
421
417
411
278
393
433
423
422
411
418
402
423
566
397
425
420
410
410
400
273
419
425
409
409
448
423
421
413
406
411
398
427
423
395
422
289
409
404
404
401
419
423
410
410
414
414
423
431
401
400
426
289
404
414
394
413
425
412
428
512
409
404
415
416
409
415
403
286
405
410
405
402
421
433
426
417
407
418
422
395
447
425
418
284
408
434
419
424
419
388
435
405
408
438
438
397
416
423
424
273
407
415
411
390
411
408
409
424
414
416
418
413
417
420
394
286
403
420
399
428
524
422
399
409
411
391
429
409
414
422
402
291
416
420
468
417
415
397
415
416
400
410
407
417
403
430
492
273
405
414
394
412
401
412
422
408
448
407
436
416
391
415
408
280
410
418
418
400
419
421
426
409
411
422
404
412
401
410
423
287
423
424
400
406
414
421
396
440
408
431
415
410
540
417
399
283
404
413
405
403
402
407
408
414
411
409
417
406
406
406
397
276
409
424
403
411
410
409
396
409
422
405
412
408
415
405
412
274
412
415
401
404
419
408
402
409
407
416
421
412
417
407
407
284
431
455
416
408
420
431
426
415
418
423
409
408
415
427
406
290
420
405
406
408
422
422
405
417
427
397
405
428
412
419
402
278
416
425
407
416
416
413
421
417
407
432
419
444
397
422
406
283
423
403
399
403
430
400
397
448
402
401
430
396
409
430
434
287
413
412
408
415
417
407
273
444
413
420
411
397
403
418
398
277
404
417
416
405
441
423
409
399
420
406
403
419
420
433
414
270
430
419
403
411
445
406
423
411
414
408
409
394
432
411
389
278
414
415
413
434
413
422
406
429
411
410
406
423
403
438
426
285
417
413
407
413
419
417
414
439
404
425
299
411
420
418
430
283
406
402
416
424
425
407
417
419
397
422
404
405
410
431
405
278
412
422
417
400
294
394
462
432
392
410
423
415
406
433
413
273
441
429
456
410
434
417
418
414
420
394
417
437
421
401
423
285
422
431
403
410
414
406
415
420
408
418
428
401
401
407
408
278
410
415
394
489
418
407
415
409
427
420
439
418
422
417
410
273
406
414
418
400
411
401
419
426
415
406
421
408
403
412
509
270
429
410
398
408
403
408
420
414
419
422
405
496
409
413
414
274
414
407
428
409
416
406
415
408
402
414
427
417
413
416
406
281
408
423
522
415
430
412
407
433
435
427
407
397
403
420
418
284
416
417
420
402
487
419
408
410
418
403
434
410
431
420
403
275
412
413
401
415
404
403
423
429
407
406
430
401
407
423
413
280
420
417
423
409
416
409
421
403
454
401
420
417
406
399
404
283
397
413
403
413
410
400
409
430
414
413
565
398
409
426
416
285
423
411
408
393
443
394
421
418
408
398
429
409
409
294
425
276
416
427
424
492
421
403
414
411
407
424
410
401
397
411
518
286
396
424
421
412
430
416
418
415
417
406
398
420
414
410
430
274
415
408
411
423
409
399
415
413
419
424
404
426
417
421
416
289
421
417
500
424
429
404
417
415
414
400
434
427
484
439
425
294
418
405
413
475
459
414
402
426
406
402
421
405
392
436
410
273
402
441
408
405
425
405
398
411
417
411
419
395
396
434
409
279
417
428
420
417
439
417
418
441
423
415
411
408
421
416
403
273
425
428
403
423
438
430
418
420
391
413
415
424
407
422
407
282
404
415
400
399
422
394
423
417
420
408
413
403
481
422
408
289
399
419
424
419
417
408
407
411
426
407
428
414
430
406
408
288
396
432
420
392
402
420
406
402
401
405
417
401
419
426
405
278
416
456
402
402
499
417
426
418
406
394
419
407
411
410
399
273
410
425
406
419
427
395
415
426
408
419
411
409
411
411
411
278
403
434
409
415
434
419
427
409
412
400
443
417
417
487
412
271
409
416
405
399
419
431
410
414
410
403
406
406
411
405
405
295
412
415
486
413
421
399
406
425
402
417
441
407
414
425
421
275
408
427
406
410
434
399
406
415
401
405
417
399
412
400
419
278
434
441
409
408
415
416
409
413
403
413
422
401
417
412
395
294
421
413
393
416
412
419
422
409
424
406
401
395
399
426
571
278
412
430
391
416
429
408
405
424
423
402
418
403
406
446
420
281
416
417
412
388
435
417
401
415
404
404
428
416
394
509
424
288
408
416
488
424
417
410
410
422
405
401
413
424
430
410
414
290
391
425
411
422
427
418
424
393
476
414
426
405
425
401
421
287
406
415
406
399
424
419
408
421
407
423
426
394
410
407
419
289
396
423
414
410
432
433
421
411
405
404
436
393
402
421
434
284
407
412
410
406
412
392
416
421
436
391
441
425
405
402
408
270
427
418
406
390
448
411
399
442
403
404
437
388
414
450
409
285
416
423
405
418
431
410
419
429
397
410
438
404
407
413
507
284
420
403
411
418
411
420
402
414
397
417
420
409
425
417
422
273
423
437
429
399
415
401
418
409
411
409
413
410
431
422
399
276
398
431
566
417
416
413
410
414
424
404
406
403
402
429
410
288
401
413
397
440
433
409
407
406
407
408
484
429
400
408
414
287
407
398
421
422
413
414
421
408
410
419
403
409
398
421
420
270
422
413
412
405
420
402
429
427
398
396
407
404
418
409
427
294
417
430
419
407
430
424
429
426
407
421
525
419
409
428
408
276
399
419
483
432
421
425
406
433
413
421
416
421
408
429
419
290
409
455
405
400
426
414
409
416
396
402
408
405
427
393
390
285
425
434
409
397
408
416
403
415
409
441
446
411
408
434
425
293
409
442
399
406
420
402
419
426
408
402
407
411
421
438
413
276
400
441
470
421
410
412
419
426
397
405
420
405
400
425
424
275
405
405
410
411
407
488
409
439
400
403
427
392
415
436
409
294
424
410
406
422
417
417
421
410
410
408
400
429
425
421
397
281
405
413
412
413
411
407
412
432
398
410
401
411
413
416
409
284
410
412
408
412
420
434
417
408
457
283
559
405
398
412
417
279
402
415
415
414
423
456
439
429
417
412
402
415
413
421
421
272
432
411
420
406
400
430
431
407
421
416
425
391
408
420
483
279
399
419
407
398
416
417
403
423
408
414
438
451
421
415
408
273
423
424
422
414
422
405
529
409
393
417
408
422
287
400
401
282
401
420
410
409
410
410
416
415
409
409
419
440
398
435
408
278
403
433
406
401
428
388
411
417
403
451
405
411
409
415
408
277
409
416
397
411
426
394
397
430
404
404
424
421
410
433
425
289
430
423
397
427
412
409
418
417
409
277
428
407
403
423
404
283
422
428
419
425
405
400
498
442
410
429
406
417
394
416
407
288
408
404
409
277
402
403
412
434
405
427
423
404
435
407
410
295
421
420
412
408
419
406
406
441
412
411
402
415
477
435
402
