151
149
151
151
151
151
151
89
151
151
151
303
151
151
151
89
151
151
151
305
151
151
151
151
151
151
151
305
151
151
151
151
151
151
151
315
151
151
151
151
151
151
151
315
151
151
151
151
151
151
151
311
151
151
151
151
151
151
151
311
151
151
151
151
151
151
151
307
151
151
151
151
151
151
151
307
151
151
151
151
151
151
151
309
151
151
151
151
151
151
151
309
151
151
151
151
151
151
151
303
151
151
151
151
151
151
151
303
151
151
151
151
151
151
151
307
151
151
151
151
151
151
151
307
151
151
151
