133
181
132
133
180
184
176
263
261
237
148
256
133
148
132
132
133
135
132
133
135
132
133
135
132
133
135
132
133
135
132
132
133
135
132
133
135
132
133
135
132
133
135
132
133
135
132
132
133
135
132
133
135
132
133
135
132
133
135
132
133
135
132
132
133
135
132
133
135
132
133
135
132
133
135
132
133
135
132
132
133
135
132
133
135
132
133
135
132
133
135
132
133
135
132
132
133
135
132
133
135
132
133
135
132
133
135
132
133
135
132
132
133
135
132
133
135
132
133
135
132
133
135
132
133
135
132
132
133
135
132
133
135
132
133
135
132
133
135
132
133
135
132
132
133
135
132
133
135
132
133
135
132
133
135
132
133
135
132
132
133
135
132
133
135
132
133
135
132
133
135
132
133
135
132
132
133
135
132
133
135
132
133
135
132
133
135
132
133
135
132
132
133
135
132
133
135
132
133
135
132
133
135
132
133
135
132
132
133
135
132
133
135
132
133
135
132
133
135
132
133
135
132
132
133
135
132
133
135
132
133
135
132
133
135
132
133
135
132
132
133
135
132
133
135
132
133
135
132
133
135
132
133
135
132
