49
49
48
48
49
49
48
48
49
49
55
49
49
111
48
48
49
70
47
48
176
48
48
55
48
60
105
48
49
116
47
48
49
119
55
49
134
48
48
48
49
49
58
48
49
49
54
48
48
48
48
48
49
49
48
155
48
49
58
48
49
126
47
48
48
48
48
48
49
49
48
79
48
49
186
48
49
49
48
48
48
48
48
48
69
49
48
184
49
49
54
48
49
49
48
48
49
114
47
48
54
48
48
180
49
49
181
49
49
184
47
48
49
51
48
48
141
49
48
48
49
49
57
49
49
115
48
48
49
123
48
48
49
170
47
72
49
49
48
48
49
50
47
48
48
60
48
48
49
49
57
49
49
49
125
49
49
49
48
48
48
48
48
48
133
60
47
48
49
49
48
48
49
55
48
48
49
61
54
48
49
49
48
168
49
49
48
48
49
49
48
48
49
186
47
48
49
49
48
124
49
49
48
48
49
120
47
48
49
111
48
48
189
49
48
170
49
49
53
49
49
49
48
48
49
53
48
48
133
49
48
179
48
49
180
48
49
49
48
48
48
48
48
49
187
55
47
140
48
48
192
49
47
182
12
