90
95
90
114
95
90
181
95
90
225
95
90
90
95
173
90
95
90
90
95
90
171
95
90
114
94
90
90
95
90
90
95
90
231
95
184
90
95
90
90
185
90
235
95
90
90
95
90
90
95
90
90
186
90
222
95
90
111
95
90
90
95
90
90
95
90
90
184
90
90
95
179
90
95
170
111
186
90
90
95
90
114
95
184
90
95
90
90
95
90
90
95
90
90
95
90
90
95
90
112
177
90
90
182
90
90
95
90
90
95
90
90
95
90
183
95
90
183
95
90
90
95
90
90
95
90
90
95
90
171
95
184
90
95
90
90
95
90
90
95
90
90
95
90
90
95
184
90
177
90
90
95
90
90
95
90
90
95
90
90
95
90
90
177
90
183
95
175
90
95
90
90
95
90
90
95
90
175
95
90
90
95
90
90
187
90
90
184
90
191
95
199
90
95
90
90
190
90
112
96
90
90
95
90
90
95
90
114
95
90
179
95
90
227
95
90
90
95
90
90
95
90
90
95
90
90
95
90
90
95
90
112
180
90
90
95
90
90
95
90
90
95
90
90
95
90
175
95
90
90
95
90
90
95
184
