67
67
72
67
62
67
67
67
67
67
67
67
67
67
72
67
62
67
67
67
67
67
67
67
67
67
72
67
62
67
67
67
67
67
67
67
67
67
72
67
62
67
67
67
67
67
67
67
67
67
72
67
62
67
67
67
67
67
67
67
67
67
72
67
62
67
67
67
67
67
67
67
67
67
72
67
62
67
67
67
67
67
67
67
67
67
72
67
62
67
67
67
67
67
67
67
67
67
72
67
62
67
67
67
67
67
67
67
67
67
72
67
62
67
67
67
67
67
67
67
67
95
72
67
62
67
67
67
67
67
67
67
67
67
72
67
62
67
67
67
67
67
67
107
67
67
72
67
62
67
67
67
67
67
67
67
124
67
72
67
62
67
67
67
67
67
67
67
67
67
72
67
62
67
67
67
67
67
67
67
67
67
72
67
62
67
67
67
67
67
67
117
67
67
72
67
62
67
67
67
67
67
67
67
67
67
72
67
62
67
67
67
67
67
67
67
67
67
72
67
62
67
67
67
67
67
67
67
67
67
72
67
62
67
67
67
67
67
76
67
58
67
67
67
72
67
62
67
67
67
67
67
67
67
76
