174
38
109
39
50
39
39
38
53
39
38
58
38
176
38
39
38
38
38
38
38
38
38
38
38
38
38
38
38
38
38
39
38
38
38
38
38
38
38
38
38
38
38
38
38
38
38
39
38
38
38
38
38
38
38
38
38
38
38
38
38
38
38
39
38
38
38
38
38
38
38
38
38
38
38
38
38
38
38
39
38
38
38
38
38
38
38
38
38
38
38
38
38
38
38
39
38
38
38
38
38
38
38
38
38
38
38
38
38
38
38
39
38
38
38
38
38
38
38
38
38
38
38
38
38
38
38
39
38
38
38
38
38
38
38
38
38
38
38
38
38
38
38
39
38
38
38
38
38
38
38
38
38
38
38
38
38
38
38
39
38
38
38
38
38
38
38
38
38
38
38
38
38
38
38
39
38
38
38
38
38
38
38
38
38
38
38
38
38
38
38
39
38
38
38
38
38
38
38
38
38
38
38
38
38
38
38
39
38
38
38
38
38
38
38
38
38
38
38
38
38
38
38
39
38
38
38
38
38
38
38
38
38
38
38
38
38
38
38
39
38
38
38
38
38
38
38
38
38
38
38
38
38
38
38
