32,1408,124,124,124,124,124,124,124,124,124,124,124,124,124,124,124,124,124,124,124,124,124,124,124,124,124,124,124,124,124,124,124,124,124,124,124,124,124,124,124,124,124,124,124
32,1474,124,124,124,124,137,125,124,124,124,124,124,124,124,124,124,124,124,124,124,124,124,124,124,124,124,124,124,124,124,124,124,124,124,124,124,124,124,124,124,124,124,124,124,124,124
32,1540,124,124,124,124,124,124,124,124,124,124,124,124,124,124,124,124,124,124,124,124,124,124,124,124,124,124,124,124,124,124,124,124,124,124,124,124,124,124,124,124,124,124,124,124,124,124,124
32,1606,124,124,124,124,124,124,124,124,124,124,124,124,124,124,124,124,124,124,124,124,124,124,124,124,124,124,124,124,124,124,124,124,124,124,124,124,124,124,124,124,124,124,124,124,124,124,124,124,124
32,1672,124,124,124,124,124,124,124,124,124,124,124,124,124,124,124,124,124,124,124,124,124,124,124,124,124,124,124,124,124,124,124,124,124,124,124,124,124,124,124,124,124,124,124,124,124,124,124,124,124,124,124
32,1738,124,124,124,124,124,124,124,124,124,124,124,124,124,124,124,124,124,124,124,124,124,124,124,124,124,124,124,124,124,124,124,124,124,124,124,124,124,124,124,124,124,124,124,124,124,124,124,124,124,124,124,124,124
32,1804,124,124,124,124,124,124,124,124,124,124,124,124,124,124,124,124,124,124,124,124,124,124,124,124,124,124,124,124,124,124,124,124,124,124,124,124,124,124,124,124,124,124,124,124,124,124,124,124,124,124,124,124,124,124,124
32,1870,124,124,124,124,124,124,124,124,124,124,124,124,124,124,124,124,124,124,124,124,124,124,124,124,124,124,124,124,124,124,124,124,124,124,124,124,124,124,124,124,124,124,124,124,124,124,124,124,124,124,124,124,124,124,124,124,124
32,1936,125,124,124,124,124,124,124,124,124,124,124,124,124,124,124,124,124,124,124,124,124,124,124,124,124,124,124,124,124,124,124,124,124,124,124,124,124,124,124,124,124,124,124,124,124,124,124,124,124,124,124,124,124,124,124,124,124,124,124
32,2002,125,124,124,124,124,124,124,124,124,124,124,124,124,124,124,124,124,124,124,124,124,124,124,124,124,124,124,124,124,124,124,124,124,124,124,124,124,124,124,124,124,124,124,124,124,124,124,130,124,124,124,124,124,124,124,124,124,124,124,124,124
32,2068,124,124,124,124,124,124,124,124,124,124,124,124,124,124,124,124,124,124,124,124,124,124,124,124,124,124,124,124,124,124,124,124,124,124,124,124,124,124,124,124,124,124,124,124,124,124,124,124,124,124,124,124,124,124,124,124,124,124,124,124,124,124,124
32,2134,124,124,124,124,124,124,124,124,124,124,124,124,124,124,124,124,124,124,124,124,124,124,137,125,124,124,124,124,124,124,124,186,124,124,124,124,124,124,124,124,124,124,124,124,124,124,124,186,124,124,124,124,124,124,124,124,124,124,124,124,124,124,124,186,124
32,2200,125,186,124,124,124,124,124,124,124,124,124,124,124,124,124,124,124,124,124,124,124,124,124,124,124,124,124,124,124,124,124,186,124,186,124,124,124,124,124,124,124,124,124,124,124,124,124,186,124,186,124,124,124,124,124,124,124,124,124,124,124,124,124,186,124,186,124
32,2266,124,186,124,186,124,124,124,124,124,124,124,124,124,124,124,124,124,124,124,124,124,124,124,124,124,124,124,124,124,124,124,186,124,186,124,186,124,124,124,124,124,124,124,124,124,124,124,186,124,186,124,186,124,124,124,124,124,124,124,124,124,124,124,186,124,186,124,186,124
32,2332,125,186,124,186,124,186,124,124,124,124,124,124,124,124,124,124,124,124,124,124,124,124,124,124,124,124,124,124,124,124,124,186,124,186,124,186,124,186,124,124,124,124,124,124,124,124,124,186,124,186,124,186,124,184,124,124,124,124,124,124,124,124,124,186,124,186,124,186,124,186,124
32,2398,124,186,124,186,124,186,124,186,124,124,124,124,124,124,124,124,124,124,124,124,124,124,124,124,124,124,124,124,124,124,124,186,124,186,124,186,124,186,124,186,124,124,124,124,124,124,124,186,124,186,124,186,124,186,124,186,124,124,124,124,124,124,124,186,124,186,124,186,124,186,124,186,124
32,2464,125,186,124,186,124,186,124,186,124,186,124,186,124,124,124,124,124,124,124,124,124,124,124,124,124,124,124,124,124,124,124,186,124,186,124,186,124,186,124,186,124,186,124,186,124,124,124,186,124,186,124,186,124,186,124,186,124,186,124,186,124,124,124,186,124,186,124,186,124,186,124,186,124,186,124,186
32,2530,124,186,124,186,124,186,124,186,124,186,124,186,124,186,124,124,124,124,124,124,124,124,124,124,124,124,124,124,124,124,124,186,124,186,124,186,124,186,124,186,124,197,125,186,124,186,124,186,124,186,124,186,124,186,124,186,124,186,124,186,124,186,124,186,124,186,124,186,124,186,124,186,124,186,124,186,124,186
32,2596,125,186,124,186,124,186,124,186,124,186,124,186,124,186,124,186,124,124,124,124,124,124,124,124,124,124,124,124,124,124,124,186,124,186,124,186,124,186,124,186,124,186,124,186,124,186,124,186,124,186,124,186,124,186,124,186,124,186,124,186,124,186,124,186,124,186,124,186,124,186,124,186,132,186,124,186,124,186,124,186
32,2662,124,186,124,186,124,186,124,186,124,186,124,186,124,186,124,186,124,186,124,124,124,124,124,124,124,124,124,124,124,124,124,186,124,186,124,186,124,186,124,186,124,186,124,186,124,186,124,186,124,186,124,186,124,186,124,186,124,186,124,186,124,186,124,186,124,186,124,186,124,200,124,186,124,186,124,186,124,186,124,186,124,186
32,2728,125,186,124,186,124,186,124,186,124,186,124,186,124,186,124,186,124,186,124,186,124,124,124,124,124,124,124,124,124,124,124,186,124,186,124,186,124,186,124,186,124,186,124,186,124,186,124,186,124,186,124,186,124,186,124,186,124,186,124,186,124,186,124,186,124,186,124,186,124,186,124,186,124,186,124,186,124,186,124,186,124,186,124,186
32,2794,125,186,124,186,124,186,124,186,124,186,124,186,124,186,124,186,124,186,124,186,124,186,124,124,124,124,124,124,124,124,124,184,124,186,124,186,124,186,124,186,124,186,124,186,124,186,124,186,124,186,124,186,124,186,124,186,124,186,124,186,124,187,124,186,124,186,124,186,124,186,124,186,124,186,124,186,124,186,124,186,124,186,124,186,124,186
64,1408,124,124,124,124,124,124,124,124,124,124,124,124,124,124,124,124,124,124,124,124,124
64,1474,124,124,124,124,124,124,124,124,124,124,124,124,124,124,124,124,124,124,124,124,124,124
64,1540,124,124,124,124,124,124,124,124,124,124,124,124,124,124,124,124,124,124,124,124,124,124,124
64,1606,124,124,124,124,124,124,124,124,124,124,124,124,124,124,124,124,124,124,124,124,124,124,124,124
64,1672,124,124,124,124,124,124,124,124,124,124,124,124,124,124,124,124,124,124,124,124,124,124,124,124,124
64,1738,124,124,124,124,124,124,124,124,124,124,124,124,124,124,124,124,124,124,124,124,124,124,124,124,124,124
64,1804,124,124,124,124,124,124,124,124,124,124,124,124,124,124,124,124,124,124,124,124,124,124,124,124,124,124,124
64,1870,124,124,124,124,124,124,124,124,124,124,124,124,124,124,124,124,124,124,124,124,124,124,124,124,124,124,124,124
64,1936,124,124,124,124,124,124,124,124,124,124,124,124,124,124,124,124,124,124,124,124,124,124,124,124,124,124,124,124,124
64,2002,124,124,124,124,124,124,124,124,124,124,124,124,124,124,124,124,124,124,124,124,124,124,124,124,124,124,124,124,124,124
64,2068,125,124,124,124,124,124,124,124,124,124,124,124,124,124,124,124,124,124,124,124,124,124,124,124,124,124,124,124,124,124,124
64,2134,186,186,186,186,186,186,186,186,186,186,186,124,124,124,124,186,124,124,124,124,124,124,124,124,124,124,124,124,124,124,124,186
64,2200,187,124,124,124,124,124,124,124,124,124,124,124,124,124,124,186,186,124,124,124,124,124,124,186,186,124,124,124,124,124,124,186,186
64,2266,186,186,186,186,186,186,186,186,186,186,186,186,186,186,186,186,186,186,186,186,186,186,186,186,186,186,186,187,186,186,186,186,186,186
64,2332,186,186,186,124,124,124,124,124,124,124,124,124,124,124,124,186,186,186,186,124,124,124,124,186,186,186,186,124,124,124,124,186,186,186,186
64,2398,186,186,186,186,124,124,124,124,124,124,124,124,124,124,124,186,186,186,186,186,124,124,124,186,186,186,186,186,124,124,124,186,186,186,186,186
64,2464,185,186,186,186,186,124,124,124,124,124,124,124,124,124,124,186,186,186,186,186,186,124,124,186,186,186,186,186,186,124,124,186,186,186,186,186,186
64,2530,187,186,186,186,186,186,124,124,124,124,124,124,124,124,124,186,186,186,186,186,186,186,124,186,186,186,186,186,186,186,124,186,186,186,186,186,186,186
64,2596,186,186,186,186,186,186,186,124,124,124,124,124,124,124,124,186,186,186,186,186,186,186,186,186,186,186,186,186,186,186,186,186,186,186,186,186,186,186,186
64,2662,187,186,186,186,186,186,186,186,124,124,124,124,124,124,124,186,186,186,186,186,186,186,186,186,186,186,186,186,186,186,186,186,186,186,186,186,186,186,186,186
64,2728,187,186,186,186,186,186,186,186,186,124,124,124,124,124,124,186,186,186,186,186,186,186,186,186,186,186,186,186,186,186,186,186,186,186,186,186,186,186,186,186,186
64,2794,187,184,186,298,186,186,186,184,186,186,186,186,186,186,186,186,186,186,186,186,186,186,186,186,186,186,186,186,186,186,186,186,186,186,186,186,186,186,186,186,186,186
96,1408,125,124,124,124,124,124,124,124,124,124,124,124,124
96,1474,124,124,124,124,124,124,124,124,124,124,124,124,124,124
96,1540,124,124,124,124,124,124,124,124,124,124,124,124,124,124,124
96,1606,124,124,124,124,124,124,124,137,125,124,124,124,124,124,124
96,1672,125,124,124,124,124,124,124,124,124,124,124,124,124,124,124,124
96,1738,125,124,124,124,124,124,124,124,124,124,124,124,124,124,124,124,124
96,1804,125,124,124,124,124,124,124,124,124,124,124,124,124,124,124,124,124
96,1870,124,124,124,124,124,124,124,124,124,124,124,124,124,124,124,124,124,124
96,1936,124,124,124,124,124,124,124,124,124,124,124,124,124,124,124,124,124,124,124
96,2002,124,124,124,124,124,124,124,124,124,124,124,124,124,124,124,124,124,124,124
96,2068,125,124,124,124,124,124,124,124,124,124,124,124,124,124,124,124,124,124,124,124
96,2134,124,124,124,124,124,124,124,124,124,124,124,124,124,124,124,124,124,124,124,124,124
96,2200,124,124,124,124,124,124,124,124,124,124,124,124,124,124,124,124,124,124,124,124,124
96,2266,124,124,124,124,124,124,124,124,124,124,124,124,124,124,124,124,124,124,124,124,124,124
96,2332,124,124,124,124,124,124,124,124,124,124,124,124,124,124,124,124,124,124,124,124,124,124,124
96,2398,124,124,124,124,124,124,124,124,124,124,124,124,124,124,124,124,124,124,124,124,124,124,124
96,2464,124,124,124,124,124,124,124,124,124,124,124,124,124,124,124,124,124,124,124,124,124,124,124,124
96,2530,124,124,124,124,124,124,124,124,124,124,124,124,124,124,124,124,124,124,124,124,124,124,124,124,124
96,2596,124,124,124,124,124,124,124,124,124,124,124,124,124,124,124,124,124,124,124,124,124,124,124,124,124,124
96,2662,124,124,124,124,124,124,124,124,124,124,124,124,124,124,124,124,124,124,124,124,124,124,124,124,124,124
96,2728,124,124,124,124,124,124,124,124,124,124,124,124,124,124,124,124,124,124,124,124,124,124,124,124,124,124,124
96,2794,124,124,124,124,124,124,124,124,124,124,124,124,124,124,124,124,124,124,124,124,124,124,124,124,124,124,124,124
128,1408,124,124,124,124,124,124,124,124,124,124
128,1474,124,124,124,124,124,124,124,124,124,124
128,1540,124,124,124,124,124,124,124,124,124,124,124
128,1606,124,124,124,124,124,124,124,124,124,124,124
128,1672,124,124,124,124,124,124,124,124,124,124,124,124
128,1738,124,124,124,124,124,124,124,124,124,124,124,124
128,1804,125,124,124,124,124,124,124,124,124,124,124,124,124
128,1870,125,124,124,124,124,124,124,124,124,124,124,124,124
128,1936,125,124,124,124,124,124,124,124,124,124,124,124,124,124
128,2002,125,124,124,124,124,124,124,124,124,124,124,124,124,124
128,2068,125,124,124,124,124,124,124,124,124,124,124,124,124,124,124
128,2134,124,124,124,124,124,124,124,124,124,124,124,124,124,124,124
128,2200,124,124,124,124,124,124,124,186,124,124,124,186,124,124,124,186
128,2266,124,124,124,124,124,124,124,186,124,124,124,186,124,124,124,186
128,2332,187,124,124,124,124,124,124,186,186,124,124,186,186,124,124,186,186
128,2398,187,124,124,124,124,124,124,186,186,124,124,186,186,124,124,186,186
128,2464,186,186,124,124,124,124,124,186,186,186,124,186,186,186,124,186,186,186
128,2530,186,184,124,124,124,124,124,186,186,186,124,186,186,186,124,186,186,186
128,2596,187,184,186,124,124,124,124,186,186,186,186,186,186,186,186,186,186,186,186
128,2662,187,186,186,124,124,124,124,186,186,186,186,186,186,186,186,186,186,186,186
128,2728,186,186,186,186,124,124,124,186,186,186,186,186,186,186,186,186,186,186,186,186
128,2794,186,186,186,186,124,124,124,186,186,186,186,186,186,186,186,186,186,186,186,186
160,1408,125,124,124,124,124,124,124
160,1474,125,124,124,124,124,124,124,124
160,1540,124,124,124,124,124,124,124,124
160,1606,124,124,124,124,124,124,124,124,124
160,1672,124,124,124,124,124,124,124,124,124
160,1738,124,124,124,124,124,124,124,124,124
160,1804,124,124,124,124,124,124,124,124,124,124
160,1870,124,124,124,124,124,124,124,124,124,124
160,1936,125,124,124,124,124,124,124,124,124,124,124
160,2002,124,124,124,124,124,124,124,124,124,124,124
160,2068,124,124,124,124,124,124,124,124,124,124,124
160,2134,125,124,124,124,124,124,124,124,124,133,125,124
160,2200,124,124,124,124,124,124,124,124,133,125,124,124
160,2266,124,124,124,124,124,124,124,124,124,124,124,124,124
160,2332,124,124,124,124,124,124,124,124,124,124,124,124,124
160,2398,125,124,124,124,124,124,124,124,124,124,124,124,124
160,2464,125,124,124,124,124,124,124,124,124,124,124,124,124,124
160,2530,125,124,124,124,124,124,124,124,124,124,124,124,124,124
160,2596,125,124,124,124,134,124,124,124,124,124,124,124,124,124,124
160,2662,124,124,124,124,124,124,124,124,124,124,124,124,124,124,124
160,2728,124,124,124,124,124,124,124,124,124,124,124,124,124,124,124,124
160,2794,124,138,124,124,124,124,124,124,124,124,124,124,124,124,124,124
192,1408,124,124,124,124,124,124
192,1474,125,124,124,124,124,124
192,1540,124,124,124,124,124,124,124
192,1606,124,124,124,124,124,124,124
192,1672,125,124,124,124,124,124,124
192,1738,124,124,124,124,124,124,124,124
192,1804,124,124,124,124,124,124,124,124
192,1870,124,124,124,124,124,124,124,124
192,1936,124,124,124,124,124,124,124,124,124
192,2002,124,124,124,124,124,124,124,124,124
192,2068,124,124,124,124,124,124,124,124,124
192,2134,124,124,124,124,124,124,124,124,124,124
192,2200,124,124,124,124,124,124,124,124,124,124
192,2266,124,124,124,124,124,124,124,124,124,124
192,2332,124,124,124,124,124,124,124,124,124,124,124
192,2398,124,124,124,124,124,124,124,124,124,124,124
192,2464,124,124,124,124,124,124,124,124,124,124,124
192,2530,124,124,124,124,124,124,124,124,124,124,124,124
192,2596,124,124,124,124,124,124,124,124,124,124,124,124
192,2662,124,124,124,124,124,124,124,124,124,124,124,124
192,2728,124,124,124,124,124,124,124,124,124,124,124,124,124
192,2794,124,124,124,124,124,124,124,124,124,124,124,124,124
224,1408,124,124,124,124,124
224,1474,125,124,124,124,124
224,1540,124,124,124,124,124
224,1606,125,124,124,124,124,124
224,1672,124,124,124,124,124,124
224,1738,125,124,124,124,124,124
224,1804,125,124,124,124,124,124,124
224,1870,125,124,124,124,124,124,124
224,1936,124,124,124,124,124,124,124
224,2002,125,124,124,124,124,124,124
224,2068,125,124,124,124,124,124,124,124
224,2134,125,124,124,124,124,124,124,124
224,2200,125,124,124,124,124,124,124,124
224,2266,124,124,124,124,124,124,124,124,124
224,2332,124,124,124,124,124,124,124,124,124
224,2398,124,124,124,124,124,124,124,124,124
224,2464,124,124,124,124,124,124,124,124,124,124
224,2530,125,124,124,124,124,124,124,124,124,124
224,2596,124,124,124,124,124,124,124,124,124,124
224,2662,124,124,124,124,124,124,124,124,124,124
224,2728,125,124,124,124,124,124,124,124,124,124,124
224,2794,124,124,124,124,124,124,124,124,124,124,124
256,1408,124,124,124,124
256,1474,124,124,124,124
256,1540,125,124,124,124,124
256,1606,124,124,124,124,124
256,1672,124,124,124,124,124
256,1738,124,124,124,124,124
256,1804,124,124,124,124,124,124
256,1870,124,124,124,124,124,124
256,1936,125,124,124,124,124,124
256,2002,124,124,124,124,124,124
256,2068,124,124,124,124,124,124,124
256,2134,124,124,124,124,124,124,124
256,2200,124,124,124,124,124,124,124
256,2266,124,124,124,124,124,124,124
256,2332,124,124,124,186,124,186,124,186
256,2398,124,124,124,186,124,186,124,186
256,2464,124,124,124,186,124,186,124,186
256,2530,124,124,124,186,124,186,124,186
256,2596,186,124,124,186,186,186,186,184,186
256,2662,186,124,124,186,186,186,186,186,186
256,2728,186,124,124,186,186,186,186,186,186
256,2794,186,124,124,186,186,186,186,186,186
288,1408,124,124,124
288,1474,124,124,124,124
288,1540,124,124,124,124
288,1606,125,124,124,124
288,1672,124,124,124,124
288,1738,124,124,124,124,124
288,1804,125,124,124,124,124
288,1870,124,124,124,124,124
288,1936,124,124,124,124,124
288,2002,124,124,124,124,124
288,2068,125,124,124,124,124,124
288,2134,124,124,124,124,124,124
288,2200,124,124,124,124,124,124
288,2266,125,124,124,124,124,124
288,2332,124,124,124,124,124,124,124
288,2398,124,124,124,124,124,124,124
288,2464,124,124,124,124,124,124,124
288,2530,125,124,124,124,124,124,124
288,2596,124,124,124,124,124,124,124,124
288,2662,124,124,124,124,124,124,124,124
288,2728,124,124,124,124,124,124,124,124
288,2794,125,124,124,124,124,124,124,124
