64,410,108,109,109,304,108,109,111,298,109,109,109,306,109,109,111,333,109,109,109,310,109,109,111,336,109,109,109,313,109,109,111,324,109,109,109,314,109,109,111,329,109,109,109,318,109,109,111
68,412,108,109,109,304,108,109,111,297,109,109,109,305,109,109,111,335,109,109,313,109,109,109,336,109,109,109,315,109,109,109,327,109,109,316,109,109,109,327,111,109,109,319,109,109,109,292,111
72,413,108,109,109,304,108,109,111,298,109,109,307,109,109,109,337,109,109,313,109,109,109,333,111,109,315,109,109,109,325,109,111,314,109,109,109,327,109,109,111,315,109,109,294,109,109,109,305
76,415,108,109,109,304,108,109,301,109,109,109,305,109,109,333,111,109,314,109,109,109,335,109,111,316,109,109,322,109,109,109,318,109,109,328,109,109,109,316,111,109,294,109,109,301,109,109,111
80,410,108,109,109,303,108,109,300,109,109,305,109,109,335,109,111,311,109,109,109,338,109,109,316,109,109,326,109,109,314,109,111,329,109,109,109,316,109,109,296,109,109,302,109,109,295,109,111
84,413,108,109,109,303,108,109,300,109,109,305,109,109,335,109,111,312,109,109,339,109,109,315,111,109,326,109,109,314,109,109,331,109,109,316,109,109,295,109,111,301,109,109,296,109,109,303,111
88,411,108,109,305,109,108,296,111,109,307,109,109,335,109,109,314,109,109,335,109,109,316,109,111,325,109,109,315,109,109,327,111,318,109,109,293,109,109,301,111,109,295,109,109,305,109,109,491
92,411,108,109,305,109,108,297,111,109,307,109,109,335,109,313,111,109,333,109,109,315,109,109,324,109,109,316,109,329,109,109,317,109,109,293,109,109,303,109,297,109,109,306,109,109,494,109,111
96,411,108,109,304,109,108,294,111,306,109,109,333,109,109,309,111,336,109,109,315,109,109,321,111,316,109,109,326,109,109,318,111,294,109,109,300,109,109,295,111,306,109,109,492,109,109,485,111
100,410,108,109,304,109,108,295,111,307,109,109,332,109,314,109,111,332,109,316,109,109,323,109,111,317,109,327,109,109,319,109,296,109,109,301,109,295,109,109,305,109,497,109,109,484,109,109,495
104,413,108,109,305,109,295,109,111,308,109,334,109,109,314,109,340,109,109,314,109,324,109,109,318,109,325,109,109,318,109,292,111,303,109,109,294,109,303,109,111,495,109,485,109,109,497,109,488
108,411,108,109,306,109,296,109,111,307,109,332,109,313,109,109,339,109,313,109,326,109,109,314,111,329,109,109,315,109,295,109,306,109,109,293,109,307,109,491,111,109,486,109,493,109,109,485,111
112,413,108,109,303,109,295,109,309,109,109,331,109,313,109,336,111,313,109,109,325,109,314,109,331,109,109,316,109,295,109,302,111,295,109,109,303,109,496,109,482,109,109,499,109,482,109,466,111
116,413,108,109,303,109,294,109,309,109,332,109,109,314,109,332,111,314,109,325,109,314,109,109,328,109,316,109,294,109,301,109,296,109,109,306,109,490,109,485,111,497,109,482,109,109,468,109,485
120,411,108,109,303,109,297,109,307,109,334,109,311,109,336,109,318,109,109,322,109,317,109,325,111,319,109,293,109,303,109,293,111,305,109,109,491,109,485,109,495,109,489,109,461,109,489,109,466
124,413,108,109,305,109,296,109,309,109,335,109,311,109,334,109,318,109,322,109,315,109,328,109,318,109,294,109,300,109,295,109,308,109,109,491,109,484,109,491,111,486,109,463,109,485,109,468,111
128,413,108,303,109,298,108,307,111,334,109,312,109,337,109,315,111,323,109,315,109,325,109,318,111,291,109,303,109,295,109,305,111,486,109,483,109,495,109,485,111,466,109,486,109,468,109,490,111
132,410,108,305,109,297,108,304,111,334,109,313,109,334,109,316,111,325,109,313,109,329,109,317,111,291,109,302,109,295,109,303,111,494,485,109,496,109,487,109,463,109,486,109,467,109,483,109,512
136,414,108,303,109,296,108,307,111,331,109,314,109,334,109,315,111,325,314,109,329,109,316,109,296,109,304,109,294,109,306,109,494,482,109,496,109,484,109,466,111,482,109,468,109,488,109,509,111
140,412,108,303,109,298,108,305,111,331,109,314,335,109,313,109,327,109,314,109,329,109,317,292,111,304,109,294,109,304,109,498,111,481,501,109,484,109,468,109,485,109,470,109,487,511,109,517,111
144,410,108,303,109,299,108,305,111,332,312,109,336,109,315,109,325,314,109,329,109,316,109,293,111,304,293,109,304,109,496,109,482,495,109,484,109,463,109,486,111,467,490,109,508,109,517,109,511
148,414,108,304,109,298,108,308,334,109,313,109,339,109,314,325,111,316,109,327,109,319,294,109,303,109,296,306,109,489,109,485,111,492,486,109,462,109,482,109,470,487,109,510,109,510,511,109,516
152,411,108,305,109,298,108,307,333,109,313,109,337,316,109,324,111,316,328,109,316,109,294,303,111,294,109,303,495,109,485,109,493,487,109,466,109,483,109,467,489,109,508,109,512,506,109,519,111
156,412,108,302,109,298,305,109,333,109,313,337,109,315,109,321,317,109,328,109,315,293,109,303,297,109,302,109,495,484,109,493,111,487,465,109,485,109,467,484,111,509,109,512,509,109,520,498,111
160,409,108,305,109,298,304,109,336,313,109,337,109,314,324,109,317,329,109,315,109,294,303,109,296,303,109,494,109,483,490,109,488,465,109,480,109,468,489,109,506,520,109,505,109,519,498,109,495
164,411,108,303,109,297,306,109,338,313,109,332,316,109,325,109,317,326,109,318,294,109,300,295,111,306,493,109,484,109,497,485,111,466,486,109,467,488,109,507,111,517,510,109,512,501,109,492,500
168,413,108,304,109,296,307,109,334,312,109,338,313,109,325,316,111,326,316,109,295,302,109,294,308,109,490,485,109,493,484,109,465,485,109,469,109,486,511,109,513,511,109,515,504,109,490,503,111
172,413,108,304,296,109,307,333,111,312,339,109,314,323,109,317,329,109,316,295,109,302,294,109,308,489,109,486,492,109,488,461,111,487,464,109,492,505,109,520,508,109,520,495,109,496,499,109,493
176,414,108,303,297,109,307,335,111,312,336,109,314,324,109,316,325,317,109,295,304,109,294,303,111,493,479,109,498,483,109,467,484,464,109,486,504,109,517,507,111,515,497,109,493,498,109,495,498
180,414,108,303,298,109,307,332,111,314,339,314,109,323,317,109,329,316,109,294,301,293,109,306,493,109,482,493,109,485,464,485,111,468,485,109,510,515,512,109,516,502,109,489,505,109,491,497,473
184,412,108,305,298,109,304,331,315,109,338,314,109,325,317,326,111,319,294,109,301,293,306,109,490,486,109,494,485,466,109,480,470,486,109,509,520,109,506,520,497,109,495,500,109,496,495,467,111
188,414,108,304,295,109,305,335,312,109,335,315,325,109,312,325,320,109,294,301,109,295,305,490,111,484,496,482,109,463,483,463,111,488,507,109,512,508,519,109,497,494,503,109,489,499,475,109,499
192,410,108,305,298,307,108,334,316,337,109,314,325,315,109,325,320,294,109,300,293,305,109,495,484,497,109,484,463,489,109,462,491,510,109,516,509,518,109,493,496,501,109,494,495,475,109,496,474
196,413,108,303,299,306,108,332,316,334,109,316,326,314,109,326,321,294,301,109,296,306,491,109,488,493,485,109,461,489,465,109,490,508,515,512,109,515,503,490,111,506,491,498,109,469,499,473,111
200,413,108,303,296,307,108,333,314,338,316,109,323,315,329,109,319,293,304,296,109,304,495,484,111,496,489,461,489,109,464,488,511,513,109,512,514,502,109,489,504,491,494,109,469,497,476,109,485
204,410,108,303,297,309,108,333,314,336,314,109,324,315,327,317,111,293,302,294,304,109,493,489,497,484,109,467,483,465,487,109,511,516,507,521,109,497,495,501,494,109,499,472,494,479,109,485,494
208,412,108,304,297,305,334,109,315,339,317,323,109,314,330,316,294,303,109,296,304,497,484,109,495,488,460,487,109,464,489,506,513,509,109,515,500,490,504,109,494,490,473,496,109,473,488,492,489
212,412,108,304,300,308,332,109,314,340,314,324,314,109,327,317,294,302,296,109,303,490,486,492,484,109,467,481,469,487,504,109,523,505,516,501,109,490,505,491,497,473,109,495,479,485,495,485,111
216,414,108,303,298,308,334,314,111,336,316,325,317,325,109,318,296,303,295,303,495,109,484,492,487,464,484,109,465,489,510,515,511,512,109,499,493,495,495,495,111,468,498,476,484,494,109,486,498
220,412,108,302,297,307,333,313,339,109,313,325,316,328,318,292,111,303,294,305,487,485,497,109,489,459,485,467,482,507,109,514,505,518,500,493,495,109,494,494,472,498,471,487,109,488,488,496,480
224,410,108,305,298,307,330,312,339,315,109,325,314,327,318,294,305,292,109,306,494,479,496,487,465,485,109,468,483,509,519,503,521,501,109,491,503,490,495,475,496,477,109,486,495,489,490,485,495
228,412,108,303,298,307,333,311,337,315,324,109,312,328,317,294,305,295,303,495,109,485,491,486,468,484,467,489,506,109,508,510,518,501,494,499,494,489,109,473,499,473,487,488,488,497,485,109,493
232,409,108,306,296,306,332,312,341,314,323,314,109,327,317,293,305,294,307,493,483,495,485,109,465,484,465,488,506,521,507,517,500,492,109,501,494,494,472,496,477,490,492,487,109,494,488,492,485
236,414,108,303,298,307,330,311,340,317,323,315,327,318,109,293,306,293,304,494,484,492,489,462,484,469,485,109,511,514,511,514,501,492,501,493,491,477,494,474,111,486,492,492,493,487,493,481,499
240,412,108,305,296,305,335,314,337,313,325,314,325,319,294,301,295,306,109,489,485,493,485,465,483,469,485,510,514,512,515,501,494,499,109,494,491,478,495,480,485,493,489,493,487,490,485,493,515
244,413,108,303,296,308,332,312,337,313,322,317,328,315,293,302,298,304,490,486,492,489,461,109,488,463,490,506,513,509,514,502,491,505,491,498,474,494,479,485,500,486,497,484,109,491,485,493,518
248,412,108,304,295,307,333,314,338,313,324,316,328,316,294,302,297,303,494,484,491,485,465,480,470,489,503,520,504,518,500,493,500,495,109,491,470,498,476,484,497,482,496,482,492,485,494,515,508
252,412,108,305,298,305,331,313,336,315,325,312,328,318,292,303,297,306,489,484,497,481,465,489,469,487,510,514,509,516,500,492,504,496,499,468,499,476,481,494,491,491,484,493,483,495,516,503,522
256,409,304,296,304,335,313,334,315,325,316,326,317,295,303,293,307,497,480,499,488,462,488,463,492,504,516,508,516,501,488,504,492,496,475,495,477,481,496,486,496,485,488,486,495,514,507,514,511
260,412,305,299,308,331,312,339,318,326,313,329,318,294,301,295,308,488,485,497,485,466,481,468,491,501,514,509,512,500,493,497,497,494,468,498,477,482,494,489,498,484,494,480,497,517,502,521,510
264,410,305,298,305,335,314,336,318,327,314,327,319,295,301,294,309,495,480,499,482,464,482,462,493,503,516,505,517,497,491,501,492,476,491,474,491,490,490,496,482,496,482,493,518,501,522,504,306
268,411,302,298,308,332,312,339,315,324,316,326,316,295,302,294,306,496,481,499,482,466,483,485,512,513,510,512,500,490,498,494,492,476,494,478,485,498,485,500,483,493,489,493,510,513,509,307,327
272,414,305,297,306,335,314,336,318,326,314,327,320,295,301,294,308,479,494,483,464,486,462,490,505,516,509,513,500,489,505,489,497,497,470,491,491,491,495,480,498,481,497,511,505,517,506,306,326
276,414,302,296,307,336,310,336,319,323,314,329,319,293,293,303,495,481,495,482,467,481,468,489,507,521,506,505,490,498,495,491,478,492,478,485,490,491,492,484,487,489,519,500,522,503,306,324,308
280,409,305,298,307,333,313,339,318,323,316,329,295,302,293,305,496,480,496,486,461,485,467,508,511,509,516,496,493,495,493,492,473,476,485,495,490,494,485,494,482,496,514,509,507,304,327,308,329
284,412,304,298,306,331,313,338,317,322,313,318,293,303,295,303,496,484,491,485,485,462,489,504,517,509,514,500,493,490,495,475,495,477,489,488,489,497,489,485,498,515,506,520,502,308,327,330,307
288,410,302,299,307,334,310,338,318,316,322,316,294,303,296,303,496,496,479,464,482,467,489,503,521,519,496,491,502,489,494,474,497,490,491,490,497,478,493,485,496,501,519,508,304,323,308,330,307
292,410,305,299,305,333,313,334,316,315,327,315,292,302,296,304,485,492,484,465,482,469,485,516,504,516,500,488,505,490,474,495,478,486,491,490,494,496,481,499,518,510,516,509,325,304,330,305,296
296,412,305,297,305,333,314,336,326,317,328,317,293,305,305,492,485,497,483,463,487,484,507,514,506,520,497,506,489,491,479,492,474,495,484,496,481,489,487,493,509,511,505,309,324,304,303,296,309
300,413,304,296,305,336,313,314,325,316,327,316,294,295,301,496,482,497,482,484,462,487,507,516,509,500,491,494,496,493,476,474,485,496,484,500,489,484,496,511,510,516,309,325,304,331,302,294,299
304,411,302,299,307,332,311,316,325,313,325,316,301,294,307,490,487,484,464,486,463,490,504,511,516,501,488,501,497,470,497,473,494,486,494,484,490,489,493,510,518,509,305,325,329,307,294,305,301
308,411,303,297,307,335,334,314,328,317,329,292,303,295,306,495,495,484,462,489,467,502,518,507,519,492,501,492,488,474,496,482,495,488,496,481,486,489,516,507,518,303,327,308,328,305,304,297,307
312,412,304,297,305,334,337,313,324,316,328,294,302,292,305,484,491,487,464,480,489,508,513,508,501,488,502,494,488,498,477,482,497,497,480,494,486,493,509,517,508,306,326,330,304,295,304,302,298
316,409,303,298,307,334,334,313,328,316,315,294,303,294,493,481,499,481,464,466,478,507,514,513,505,493,497,494,470,497,473,488,490,497,478,493,494,519,505,514,307,329,308,327,295,302,298,303,306
320,412,303,296,307,314,334,313,327,329,315,294,300,305,494,485,495,465,485,462,489,517,507,511,502,502,489,498,470,475,487,490,491,485,487,486,496,504,517,507,305,308,326,306,297,292,302,296,307
324,411,303,299,308,313,331,317,329,324,316,295,301,304,497,480,500,463,480,468,502,516,503,519,489,500,488,497,490,474,485,490,500,479,495,491,519,508,516,307,331,306,324,298,303,294,303,305,297
328,413,304,297,305,315,333,315,327,330,314,293,295,301,489,485,483,466,486,492,504,517,508,498,497,496,499,469,491,476,490,489,497,491,486,492,520,515,509,307,327,328,306,294,296,301,297,305,317
332,412,304,296,303,311,334,314,315,324,319,292,293,301,501,494,482,467,463,481,510,514,516,502,491,493,498,470,474,488,492,487,488,491,484,521,503,519,506,328,308,326,296,305,296,297,303,298,320
336,412,304,296,305,315,335,313,316,327,317,302,294,306,481,493,491,480,466,486,503,510,510,502,500,495,495,490,477,484,490,492,484,487,490,522,502,509,307,325,332,307,293,296,306,297,297,315,332
340,411,301,298,306,313,333,315,317,322,318,303,294,305,479,493,488,478,465,489,518,501,517,493,499,494,477,495,476,490,488,497,493,484,496,507,518,509,326,305,332,296,305,297,294,303,299,326,317
344,413,304,297,331,313,336,324,315,328,294,303,295,493,484,492,464,485,467,505,514,510,497,493,500,492,476,494,487,494,483,484,496,493,517,506,507,303,331,327,309,295,295,302,297,297,317,328,328
348,408,303,297,334,313,334,324,317,328,293,301,295,496,478,486,466,479,489,509,513,518,502,486,497,495,471,474,488,482,494,485,484,494,518,516,509,308,306,326,295,307,297,297,302,298,326,318,327
352,409,304,299,334,312,338,325,319,316,294,303,305,491,483,486,464,468,485,505,509,511,499,501,488,475,493,467,494,487,493,494,485,518,506,511,306,329,307,302,297,295,305,297,298,318,328,321,327
356,411,302,298,335,311,334,326,319,316,292,303,306,492,497,479,468,465,481,520,503,520,488,500,492,473,494,484,497,486,484,493,494,523,502,506,308,306,329,307,308,297,295,303,299,325,318,328,321
360,411,302,299,333,311,316,325,316,316,294,293,301,495,491,481,490,461,489,515,503,504,489,500,496,470,476,485,497,493,486,483,493,507,518,512,325,307,305,298,307,303,297,299,317,325,327,326,332
364,409,304,298,332,312,316,325,316,316,295,294,302,486,493,486,488,461,509,509,519,497,491,495,495,496,470,485,488,491,493,480,523,502,521,307,332,327,306,306,299,303,301,297,324,317,329,319,328
368,414,302,296,335,311,312,326,331,314,293,295,304,480,498,460,483,490,504,522,514,504,495,494,471,496,477,490,490,480,491,495,515,520,505,309,303,324,298,308,302,296,305,319,324,324,329,332,321
372,408,304,298,335,313,313,322,330,316,303,293,305,480,496,461,491,490,506,507,517,493,493,494,475,494,487,495,495,481,485,493,504,516,504,327,309,305,295,295,306,303,295,327,317,322,321,327,297
376,412,304,296,334,314,314,325,327,315,302,293,496,479,485,463,461,485,509,504,518,492,498,495,474,476,484,489,495,494,478,515,510,499,306,330,327,306,302,295,298,304,314,326,325,327,331,319,309
380,412,304,294,332,313,314,325,325,316,303,294,491,485,487,460,470,486,513,509,501,490,495,497,501,475,490,489,486,488,497,522,518,511,304,307,329,295,307,300,299,299,319,315,326,321,327,297,305
384,411,304,304,334,337,312,313,324,293,303,304,493,493,484,485,466,507,518,514,499,502,492,473,496,489,491,496,484,483,494,506,524,308,331,324,305,307,298,297,304,318,326,327,325,330,320,304,297
388,412,302,306,336,336,312,317,326,293,304,306,490,498,480,491,462,506,516,512,500,498,494,475,491,490,490,499,480,484,491,506,520,306,306,328,296,304,306,298,300,318,318,323,319,329,293,305,307
392,412,305,306,334,340,310,314,328,295,301,306,497,492,487,482,463,509,503,518,489,495,496,471,476,485,486,492,492,483,518,507,504,331,306,305,298,294,303,301,300,325,316,329,322,321,296,296,305
396,410,302,305,336,336,311,314,328,292,302,303,487,492,462,487,487,509,505,515,493,496,495,494,475,497,485,481,495,494,517,519,508,325,332,306,303,299,297,300,317,327,324,326,332,296,305,303,299
400,410,303,308,332,336,313,313,325,295,293,301,486,490,464,482,490,512,506,500,488,496,489,498,474,494,493,480,487,489,510,516,310,306,324,296,305,304,295,298,322,316,326,322,323,294,296,308,310
404,410,304,307,335,338,311,316,321,295,295,300,484,494,459,467,486,509,504,500,492,490,475,493,489,494,491,493,480,516,506,504,306,308,305,298,293,305,303,297,328,325,327,330,320,307,304,298,301
408,412,304,306,333,338,313,316,317,292,294,303,483,480,464,466,480,517,517,501,497,492,473,472,490,481,494,493,491,516,520,501,332,327,307,304,292,297,302,318,321,322,321,327,298,296,304,308,300
412,412,302,307,335,339,326,314,320,295,295,493,480,488,465,462,509,513,515,498,497,494,474,469,496,488,477,493,495,499,520,306,329,327,295,307,302,294,298,325,321,324,321,323,304,297,297,300,309
416,414,304,306,333,336,322,314,320,303,292,492,484,481,486,460,505,511,513,495,499,496,497,470,498,492,485,480,495,502,511,306,306,305,294,295,306,303,316,327,328,318,325,296,306,303,306,299,331
420,412,305,305,332,338,324,314,321,304,292,494,493,481,485,460,510,504,516,489,495,490,499,484,498,493,492,485,516,508,505,330,311,303,305,298,297,298,316,320,332,319,322,296,297,297,305,310,311
424,411,301,308,335,335,322,316,319,301,293,496,493,486,484,484,511,504,498,494,490,470,497,484,486,495,491,493,518,514,305,329,331,298,307,301,296,299,325,317,329,331,320,304,306,299,299,330,314
428,412,302,306,314,332,322,329,318,301,303,496,494,467,482,487,522,504,501,497,493,471,472,488,486,487,490,494,507,514,309,305,328,296,297,301,306,320,324,324,324,325,294,298,305,306,308,332,335
432,411,303,304,313,335,324,326,316,301,305,495,493,464,485,487,511,517,500,496,497,473,476,494,488,484,486,491,506,507,306,305,309,305,294,295,298,317,319,324,322,323,306,296,299,300,307,308,311
436,413,304,308,314,332,324,328,318,300,304,483,494,458,466,484,515,514,498,495,497,496,473,493,492,483,485,512,508,500,330,326,307,305,301,297,299,327,323,326,333,298,304,304,306,299,331,331,501
440,412,304,306,311,334,324,328,296,300,305,484,493,459,465,507,516,517,493,498,496,494,488,488,499,493,479,517,520,303,326,327,300,295,302,303,319,326,325,319,325,298,295,298,305,309,310,313,497
444,412,301,307,314,334,324,325,296,303,305,484,482,464,467,503,510,513,489,494,498,491,488,483,497,493,490,506,514,303,308,307,297,295,297,302,315,318,327,320,323,305,307,299,298,331,335,310,511
448,411,302,307,315,314,323,330,297,293,302,486,483,487,460,509,505,503,487,494,468,471,487,483,488,481,493,502,506,331,306,303,309,306,295,298,327,325,326,332,298,296,303,308,310,309,329,502,501
452,414,303,306,315,318,323,327,298,296,301,483,486,483,465,504,513,496,500,487,473,472,488,489,481,485,511,507,504,328,328,306,306,301,305,315,323,327,321,322,296,298,299,298,305,312,313,508,504
456,414,301,305,315,316,322,326,297,294,489,485,483,488,486,505,514,494,504,495,470,478,489,494,484,481,518,515,307,325,328,297,300,296,300,319,318,327,320,325,306,306,306,299,329,333,501,509,520
460,412,305,306,312,317,322,327,297,294,490,487,483,487,484,511,509,493,503,489,497,472,489,499,491,493,516,517,307,306,303,297,300,296,297,329,320,325,328,296,298,305,307,310,308,310,501,497,498
464,411,303,304,313,315,311,324,295,294,492,496,484,487,486,518,519,489,498,493,493,488,487,493,493,495,508,501,306,308,307,305,305,303,297,326,326,321,321,298,298,299,300,330,309,313,514,512,491
468,413,304,305,314,316,315,324,295,295,495,490,465,485,482,514,519,486,494,498,491,487,484,482,486,488,509,501,327,331,294,302,307,301,315,319,327,320,322,308,305,305,299,332,333,497,503,494,491
472,413,303,305,314,316,316,319,296,293,495,496,465,462,484,517,513,491,493,473,470,488,487,477,487,515,514,505,330,326,296,295,299,299,318,316,325,332,295,298,307,307,307,311,313,514,501,494,496
476,412,305,306,312,317,316,316,304,294,496,492,465,467,502,511,511,494,489,473,471,491,497,481,488,511,521,304,309,305,293,296,298,298,327,326,318,326,296,298,299,298,332,334,308,517,511,491,486
480,414,302,306,315,317,313,317,307,304,491,499,461,467,505,503,502,496,495,469,475,494,492,494,493,508,514,305,308,303,305,303,307,315,323,330,321,321,306,308,308,306,333,333,496,503,490,498,488
484,410,304,308,312,314,316,318,304,304,487,490,465,465,502,510,498,504,491,493,473,489,498,488,495,507,504,328,329,303,308,302,305,318,319,325,331,299,304,305,310,311,309,312,517,511,491,492,485
488,411,303,307,311,315,315,318,305,302,482,485,462,461,509,508,499,501,493,497,485,487,483,487,497,505,504,326,330,295,298,295,299,327,318,325,331,296,298,299,299,332,335,502,507,516,488,487,476
492,412,304,307,311,316,315,318,305,303,483,487,485,483,507,507,495,500,498,492,487,485,479,484,517,513,305,326,330,296,295,295,301,325,329,321,323,302,306,307,301,328,335,501,496,494,496,488,488
496,412,301,307,314,316,314,316,305,306,485,487,481,489,513,511,494,493,491,498,489,482,483,485,518,515,305,308,305,305,302,305,320,318,323,321,323,305,305,305,311,310,312,510,515,488,484,479,483
500,409,305,308,312,314,316,317,304,307,484,483,488,484,518,514,490,495,469,476,488,491,493,479,520,515,306,309,303,305,304,303,318,317,329,330,294,297,299,298,332,336,499,497,517,484,485,479,480
504,411,303,306,316,317,314,317,305,307,482,483,486,485,510,519,491,493,470,471,493,495,490,495,506,503,325,330,294,296,295,300,329,327,326,330,297,297,298,299,334,333,498,505,490,494,492,485,478
508,410,302,308,315,314,313,319,306,304,480,486,479,489,512,519,490,495,469,475,491,494,491,492,506,505,328,328,294,299,295,298,327,328,319,322,304,308,307,308,312,313,509,514,488,482,482,478,497
512,412,297,334,334,326,327,294,298,488,496,464,461,508,506,497,503,497,491,487,488,484,481,516,520,303,307,305,307,302,303,318,321,327,329,295,298,299,299,329,334,500,495,494,496,488,485,476,482
516,408,297,334,337,322,326,294,296,493,494,464,460,507,507,498,498,493,497,485,487,484,480,516,522,302,308,304,306,301,304,317,320,328,331,294,298,300,301,331,334,501,502,491,495,486,483,477,483
520,411,294,335,334,325,327,292,297,495,494,464,467,507,505,499,504,493,498,486,486,483,484,512,522,305,306,304,307,302,304,317,318,320,323,305,307,304,307,311,314,512,515,487,489,476,481,498,498
524,410,295,336,338,325,328,293,296,495,498,460,467,509,505,498,502,492,491,485,487,476,484,506,508,325,330,295,298,295,299,326,328,318,323,304,306,305,308,311,314,511,513,486,485,489,476,477,488
528,412,295,332,338,324,325,294,297,489,496,466,463,511,507,497,505,468,477,489,495,489,494,507,505,329,326,294,298,298,297,323,332,329,295,297,298,301,332,333,500,506,493,494,488,489,475,478,488
532,414,299,333,337,327,327,293,296,496,494,467,465,504,520,488,495,470,471,494,492,494,491,501,511,325,327,305,301,303,320,318,328,329,297,296,297,300,331,333,511,518,484,489,477,478,498,499,500
536,409,297,333,335,326,328,292,296,497,493,465,484,515,520,489,498,469,474,494,492,496,492,517,309,304,305,308,301,303,318,317,328,322,306,305,306,311,311,310,517,511,487,489,482,479,477,484,491
540,410,294,333,335,323,326,295,298,491,500,481,488,513,513,495,492,470,473,495,482,483,518,518,307,308,306,305,304,296,325,328,322,322,307,304,306,307,331,498,508,494,492,488,487,475,478,495,505
544,413,294,334,338,325,325,293,297,485,485,479,489,518,510,491,494,486,485,487,480,484,515,517,306,326,295,297,294,298,326,325,323,293,298,299,300,328,335,499,504,481,488,480,476,497,502,497,495
548,412,297,336,334,324,328,295,298,482,487,480,487,517,510,491,499,494,486,486,477,483,516,499,328,329,296,295,295,299,318,328,333,293,298,299,301,310,309,514,519,482,489,474,477,481,487,484,510
552,412,297,334,332,325,327,294,303,482,486,484,483,517,501,495,499,497,482,488,483,492,502,508,329,330,293,305,303,318,318,325,333,305,308,305,309,310,313,515,492,496,487,483,477,481,492,500,502
556,410,295,335,335,325,328,301,308,485,487,481,489,507,497,500,495,493,485,494,491,494,505,506,325,306,304,303,305,316,317,321,325,307,301,307,331,335,497,502,499,490,481,480,491,503,498,495,511
560,412,298,336,332,325,330,302,307,487,483,487,505,504,500,496,496,473,488,497,487,492,505,303,311,305,305,301,297,327,324,319,326,294,297,301,331,333,502,508,491,483,479,479,474,489,485,508,509
564,409,297,336,333,322,315,301,306,487,482,463,509,504,501,497,473,477,489,498,488,519,515,306,308,306,294,295,300,323,327,329,300,294,297,301,311,311,514,517,487,491,488,478,478,483,499,497,506
568,414,296,331,336,326,313,301,307,487,483,466,504,508,498,490,477,473,497,493,484,518,517,309,326,294,299,295,297,318,328,330,296,305,307,307,309,313,495,498,491,488,488,493,504,494,500,503,495
572,414,298,332,335,325,314,302,308,486,461,468,504,511,487,493,473,471,496,479,484,519,511,328,332,296,294,304,315,316,329,322,307,302,307,309,329,503,498,492,492,475,479,497,484,490,506,512,468
576,410,297,334,338,313,316,304,308,495,460,467,507,515,491,493,470,488,486,478,483,506,501,326,332,304,301,301,319,326,321,320,309,299,300,331,332,514,515,483,490,485,476,480,483,498,501,500,473
580,412,297,335,338,313,318,303,308,495,459,466,508,517,485,492,474,486,481,482,493,500,508,326,304,306,304,302,326,323,321,323,297,298,298,310,312,514,512,495,489,485,477,497,497,498,500,485,496
584,409,297,334,338,316,315,303,307,495,464,462,518,517,488,492,494,484,482,493,495,500,508,306,307,305,296,299,325,326,325,295,299,307,307,310,312,500,488,496,489,479,496,502,483,513,507,491,466
588,410,297,335,338,314,317,303,497,495,464,465,516,518,487,493,498,483,492,491,494,500,306,308,309,293,296,299,317,327,328,298,307,307,306,330,502,501,493,489,479,481,477,486,487,501,502,467,476
592,411,295,333,339,314,315,303,495,491,466,484,515,512,504,489,497,491,494,490,491,517,307,304,298,298,294,316,319,326,319,306,310,298,329,336,498,513,491,486,494,475,477,500,496,502,490,494,481
596,410,295,336,336,315,316,304,493,497,462,480,518,512,503,488,500,490,494,491,512,518,306,329,298,296,303,319,316,319,323,305,299,298,330,312,512,513,500,485,495,495,505,494,505,512,491,476,492
600,413,295,332,314,317,316,293,502,493,487,483,511,497,498,495,473,493,491,485,511,520,324,327,299,301,303,318,329,319,324,298,299,306,312,311,496,498,494,482,480,500,483,487,510,496,473,469,483
604,409,296,336,312,315,318,295,493,496,486,486,521,494,504,470,473,491,478,486,514,507,324,328,310,303,303,324,327,325,294,298,307,308,311,499,497,497,483,479,477,476,490,493,503,498,489,481,479
608,412,297,334,311,316,317,295,497,478,485,489,501,499,499,473,473,484,480,484,499,507,326,304,306,297,299,326,324,331,298,305,307,331,334,501,510,489,486,484,479,497,493,501,508,489,493,493,496
612,413,296,335,310,315,317,293,496,478,488,487,506,492,492,475,469,486,483,489,505,508,305,302,309,297,299,319,324,332,305,307,298,331,334,514,510,495,491,485,501,502,482,508,512,468,474,493,305
616,412,296,334,313,313,292,294,498,481,486,509,505,499,492,472,490,488,478,493,507,303,307,304,300,297,314,317,328,321,307,296,300,310,313,513,495,495,474,481,500,488,486,503,495,472,480,478,296
620,413,296,332,314,316,293,295,492,484,485,504,508,492,491,473,488,487,487,494,516,305,306,298,298,302,317,316,320,323,298,299,306,311,313,501,488,487,479,477,476,488,498,494,492,495,477,493,296
624,411,298,333,312,317,292,294,489,482,487,504,506,491,488,499,483,494,492,490,519,304,327,296,303,302,318,326,319,296,296,308,308,329,503,497,488,486,488,478,495,500,495,510,493,473,488,303,308
628,411,297,338,313,316,293,297,484,484,468,505,505,495,489,494,487,489,494,514,516,327,328,293,306,303,324,325,326,299,308,306,331,333,504,510,485,492,485,496,503,486,508,498,469,478,477,302,296
632,409,297,337,312,314,295,295,484,488,465,505,511,497,495,495,493,493,494,513,516,325,328,304,306,296,328,326,330,306,304,298,333,310,513,514,495,486,478,496,491,486,499,501,493,478,496,293,320
636,413,298,332,313,318,295,294,484,488,461,509,513,495,493,488,497,491,481,513,502,328,303,305,299,299,316,325,321,303,298,299,313,311,512,499,491,481,478,474,492,495,504,489,495,490,494,306,319
640,413,297,312,316,326,293,303,482,465,466,511,516,500,490,472,495,479,483,504,505,304,306,296,298,314,318,320,323,295,296,305,312,501,497,488,490,490,472,498,501,502,511,471,471,480,306,292,329
644,412,295,315,316,323,294,304,488,459,467,519,512,501,492,470,495,477,483,504,507,304,306,297,299,315,316,320,323,293,297,307,312,496,514,487,491,486,494,503,492,502,498,473,474,478,294,293,321
648,412,297,312,316,325,293,302,484,464,467,509,517,497,493,473,489,483,492,505,303,308,297,295,304,317,325,320,294,293,307,307,333,507,517,495,491,476,498,488,490,503,496,495,480,487,295,320,323
652,409,297,315,313,322,294,303,481,466,464,509,503,494,475,471,486,486,488,507,304,306,298,304,303,329,326,325,296,306,305,331,337,510,497,493,476,484,474,491,496,501,492,492,498,305,302,334,329
656,414,296,312,316,327,292,302,489,462,490,516,498,501,468,476,486,487,497,514,309,327,295,302,306,324,326,331,303,306,299,332,310,498,496,484,482,474,482,494,502,508,469,474,475,304,295,328,315
660,412,296,315,315,323,294,304,493,463,485,513,503,494,471,483,486,493,491,522,306,328,305,301,297,328,329,318,305,299,300,309,312,502,483,490,483,476,498,495,517,500,474,476,481,293,318,319,345
664,413,295,313,316,323,292,303,493,460,487,512,503,490,469,489,485,491,517,511,330,325,302,295,301,318,325,319,296,297,305,311,502,512,488,486,491,494,504,486,503,502,488,482,488,305,320,330,340
668,412,298,313,314,326,304,304,495,465,482,510,494,494,470,481,495,485,518,509,331,305,303,296,321,315,318,324,296,305,308,332,500,511,499,484,480,497,487,502,500,498,488,492,306,302,330,316,323
672,413,294,311,316,325,302,303,497,485,485,507,499,485,496,486,492,484,520,501,327,307,296,294,320,325,321,297,294,307,331,334,510,495,495,478,481,472,498,500,505,470,473,478,302,294,319,320,335
676,413,297,314,316,326,302,303,497,485,489,504,493,491,489,486,492,479,517,504,302,306,295,302,320,322,327,298,305,305,331,310,516,492,489,480,473,499,498,507,509,474,478,476,295,319,320,340,310
680,412,294,314,315,325,302,303,496,485,482,508,490,491,493,487,497,483,500,508,306,293,297,302,327,323,328,305,304,299,310,313,499,489,485,489,479,493,488,512,497,493,481,487,304,321,327,320,312
684,412,296,313,324,328,301,500,497,484,505,510,489,494,494,494,481,480,503,305,306,294,300,304,328,325,328,305,299,300,309,496,504,483,484,492,495,486,488,497,499,493,496,304,305,328,318,319,301
688,414,295,312,326,329,300,495,497,481,510,504,493,488,498,488,485,490,502,307,328,294,306,295,325,328,322,305,297,307,309,497,515,491,491,476,480,486,494,515,490,475,481,304,296,323,318,336,312
692,409,297,314,323,326,303,492,494,485,501,515,488,496,471,495,480,494,500,305,330,306,303,297,321,325,318,297,300,305,329,516,514,494,478,478,479,494,514,505,477,478,482,295,317,321,338,307,301
696,415,296,313,326,327,300,498,483,487,505,515,490,492,477,483,485,490,510,306,328,302,295,299,318,318,324,297,305,330,335,509,500,485,478,478,495,501,505,503,491,483,491,305,321,331,319,302,303
700,412,296,313,323,325,302,491,486,485,499,517,500,485,475,487,492,494,512,329,326,304,296,316,318,321,297,307,304,331,311,500,491,490,490,473,499,486,502,499,491,493,303,306,327,319,341,300,489
704,410,297,313,324,315,301,495,484,463,508,511,502,475,468,486,493,516,516,325,302,298,296,318,325,327,296,307,299,310,310,501,491,482,490,498,484,497,500,491,472,481,305,293,318,342,337,310,503
708,409,297,315,326,317,301,496,486,464,510,514,495,475,473,482,493,518,501,325,304,297,302,314,330,326,307,302,299,310,494,501,490,481,479,477,484,498,512,469,473,481,293,317,321,337,306,302,502
712,412,294,313,325,316,302,489,486,461,510,517,502,471,488,489,489,521,509,304,304,297,304,325,329,325,307,299,307,308,499,514,497,472,481,479,492,512,507,470,483,493,303,319,332,320,300,300,494
716,414,298,313,324,317,302,492,490,462,519,514,499,477,482,496,489,520,502,305,298,295,302,323,330,319,305,299,304,329,515,513,493,481,473,499,494,513,498,493,498,490,306,330,318,339,303,490,500
720,409,298,315,324,314,294,491,489,461,512,501,497,477,482,495,480,505,502,305,298,300,294,328,331,318,294,308,305,329,515,495,486,492,473,500,486,504,494,487,497,301,294,321,318,339,311,502,483
724,414,296,312,325,317,292,494,484,460,521,495,492,471,483,493,480,507,305,306,298,300,296,318,320,321,296,307,329,311,499,495,490,486,501,486,488,497,496,472,479,296,293,320,343,308,299,496,483
728,414,294,314,325,314,293,484,486,463,518,498,485,497,486,489,486,508,304,326,307,302,295,315,322,295,305,307,330,307,500,487,486,480,497,484,497,502,474,479,478,295,321,327,315,302,301,488,467
732,409,297,313,325,313,293,484,465,464,517,498,485,493,494,484,483,508,305,323,307,296,317,318,320,298,304,299,308,498,501,486,490,480,478,497,508,513,474,474,495,306,330,319,314,303,494,496,487
736,412,297,310,322,316,293,485,467,478,518,499,488,496,494,483,488,518,307,329,304,295,317,325,329,302,307,299,310,499,510,495,481,473,481,497,511,501,492,489,308,296,332,313,337,311,503,480,466
740,412,297,311,325,316,292,480,467,485,504,498,485,492,492,481,495,515,329,307,304,296,315,325,329,306,299,304,331,501,510,493,482,477,490,490,500,492,491,494,305,295,319,341,311,301,493,485,466
744,414,295,312,326,314,292,487,463,488,508,488,495,488,492,481,490,515,323,307,296,303,324,326,327,302,297,307,330,508,498,485,489,501,498,490,497,497,469,478,298,320,331,315,311,298,490,467,517
748,410,297,315,324,314,294,480,465,485,505,493,492,471,493,480,497,515,329,308,296,303,324,329,321,294,308,310,330,514,494,483,490,494,486,496,508,473,475,496,297,317,331,317,298,491,501,480,514
752,411,295,315,324,314,294,482,465,488,504,492,492,477,482,493,516,507,329,303,296,306,325,325,322,296,305,328,310,500,484,493,478,478,485,496,512,470,481,490,306,331,319,336,309,502,481,467,515
756,410,296,316,324,314,292,486,464,482,512,489,490,476,483,489,523,505,306,296,305,295,317,326,324,294,306,330,311,498,486,492,479,475,498,506,506,492,492,307,295,319,335,311,309,497,485,464,516
760,410,298,312,324,314,292,487,463,485,511,489,492,472,482,494,518,504,309,296,303,295,320,319,296,302,299,311,496,511,499,477,481,494,494,511,500,491,492,304,295,322,339,309,303,495,461,522,510
764,412,297,311,325,314,291,485,464,480,507,492,489,474,482,493,520,502,308,296,305,294,317,320,297,304,296,310,500,508,496,479,473,498,490,497,493,475,476,295,323,333,317,302,496,501,478,511,490
768,410,303,334,315,291,301,497,490,501,517,496,472,488,487,483,509,303,325,307,297,318,323,327,307,299,306,328,513,497,482,490,500,486,499,514,470,479,493,305,331,315,341,310,500,479,465,519,493
772,413,304,335,314,295,302,494,491,509,514,502,472,485,493,477,508,305,327,303,296,318,326,324,306,298,307,330,510,496,482,489,500,484,498,512,466,481,493,304,334,316,338,310,500,479,466,518,494
776,413,304,332,316,295,303,494,488,500,514,501,471,485,492,482,506,305,329,305,294,317,328,324,306,298,306,330,508,496,488,484,499,498,511,495,494,488,306,296,321,342,308,300,493,464,512,511,486
780,412,305,333,314,293,304,493,491,506,514,503,469,489,488,479,510,304,324,307,294,317,327,321,296,305,332,308,496,490,486,480,476,495,509,500,497,489,307,295,321,338,311,300,499,483,508,488,493
784,414,305,332,314,295,303,493,490,505,514,500,469,490,490,486,505,328,308,294,300,329,329,318,298,308,329,309,503,484,489,479,474,490,499,493,473,477,296,320,330,320,303,488,502,484,507,488,493
788,409,304,333,314,293,304,492,491,503,511,500,469,491,479,494,513,326,305,296,302,326,328,321,298,305,332,495,512,495,476,479,495,488,503,492,474,478,294,323,322,339,309,497,483,464,514,498,306
792,410,304,333,314,295,303,493,488,506,513,503,492,494,478,490,520,327,305,296,303,324,328,296,304,299,311,496,516,492,480,477,495,500,507,474,482,489,307,333,320,340,311,497,461,522,507,487,298
796,412,303,332,316,294,302,493,486,506,516,486,495,491,481,491,515,328,306,295,296,315,320,297,307,298,307,500,514,482,489,498,486,499,509,469,481,494,295,318,340,310,300,494,459,518,512,490,308
800,411,304,335,317,292,303,499,488,511,502,492,491,493,483,488,516,304,295,304,293,316,320,297,309,304,330,513,494,482,489,498,490,508,503,495,490,304,295,320,339,299,495,500,480,511,481,495,308
804,408,304,335,317,292,303,499,488,512,503,493,490,494,482,489,508,305,295,301,296,316,320,306,298,306,330,508,493,488,474,476,496,507,502,489,493,295,320,329,319,302,494,497,465,517,490,305,298
808,411,304,335,313,294,302,496,460,513,501,485,498,494,492,508,509,307,293,305,296,326,326,307,301,305,329,500,488,487,478,478,495,501,496,470,481,292,321,330,338,307,498,486,466,514,488,296,315
812,411,304,336,314,293,303,487,463,517,498,493,496,484,494,510,508,308,296,294,317,329,324,301,300,328,308,500,484,485,481,493,492,496,493,474,489,304,328,314,344,312,492,468,516,512,485,294,340
816,411,305,334,315,295,303,482,466,521,497,493,469,487,490,514,509,324,304,296,315,324,325,298,308,329,309,501,492,481,473,498,489,509,474,474,496,302,327,339,314,301,493,463,508,488,493,302,340
820,411,302,336,317,292,496,483,463,519,494,498,469,486,490,511,311,324,302,298,316,325,319,298,307,329,502,509,499,475,477,487,496,515,468,481,307,293,319,339,310,489,504,481,513,484,301,294,320
824,411,303,334,315,295,494,482,465,511,496,495,471,485,495,505,309,325,303,295,327,327,320,297,300,312,497,511,495,485,496,491,498,500,490,494,305,293,332,316,301,498,500,461,520,493,302,314,340
828,409,304,335,317,295,491,486,466,515,494,496,469,488,483,503,309,327,303,299,326,326,317,306,301,309,495,495,488,486,499,499,508,503,491,488,296,321,330,316,309,499,486,464,508,487,296,314,320
832,411,304,335,317,304,492,486,468,505,493,497,467,493,484,503,310,306,297,299,325,320,295,302,298,331,514,490,489,473,477,498,506,496,472,475,296,332,320,333,308,495,465,517,508,495,306,333,320
836,410,303,334,314,302,496,482,463,509,492,495,472,493,477,506,309,307,295,302,318,320,293,304,308,331,509,494,489,480,471,498,505,491,472,494,307,329,320,311,305,496,460,511,487,488,306,315,326
840,408,303,336,314,302,499,481,466,506,488,500,484,492,487,503,329,307,297,297,319,319,294,300,309,329,501,486,486,482,492,491,501,473,476,496,303,319,341,311,302,499,486,507,498,301,293,316,318
844,413,301,332,316,302,491,486,483,510,492,494,490,489,485,514,330,308,303,295,316,321,305,298,307,311,495,488,477,473,500,486,512,470,481,304,294,319,342,301,494,504,460,519,493,293,317,337,318
848,413,302,333,314,302,495,480,486,505,490,474,483,489,495,511,330,296,305,295,315,326,307,297,331,310,498,492,482,474,487,500,511,492,498,304,294,328,321,304,502,483,469,510,483,296,335,317,328
852,412,305,334,315,303,497,482,488,502,495,468,486,492,488,517,329,296,304,295,323,328,307,305,331,310,513,490,482,493,489,496,498,498,489,295,320,331,342,311,500,466,514,514,491,301,337,322,307
856,411,304,332,325,304,496,460,487,505,499,472,487,481,492,515,309,295,304,318,323,327,297,307,333,497,513,493,488,497,482,511,502,469,479,293,333,316,339,300,496,461,513,486,495,294,315,320,298
860,412,303,335,322,303,497,465,481,507,500,469,488,483,486,505,309,294,294,317,325,320,297,304,312,499,514,484,489,477,493,508,495,467,479,306,332,319,307,300,503,485,506,496,305,294,333,319,299
864,413,304,333,325,304,496,462,485,517,500,468,493,482,487,503,309,306,294,315,327,320,293,297,312,513,491,485,480,477,491,503,494,478,492,306,320,336,309,494,499,465,516,491,294,316,336,321,309
868,409,305,332,324,305,496,462,490,509,503,469,491,483,514,506,308,305,297,326,325,321,303,298,310,514,492,489,475,474,492,497,475,481,489,296,320,318,301,495,483,466,509,484,294,334,316,325,300
872,414,303,333,327,305,481,467,484,518,502,492,496,478,517,502,329,307,296,324,326,298,303,297,332,516,484,490,477,493,492,507,474,492,302,296,333,314,308,503,482,518,512,493,306,335,322,305,332
876,413,302,333,327,304,480,467,487,516,496,498,488,489,520,500,331,305,303,330,321,296,302,308,333,495,490,486,475,497,495,507,493,496,305,319,329,343,309,490,466,514,485,495,294,317,323,296,327
880,411,305,333,324,304,480,464,506,514,501,492,495,488,521,305,326,299,304,325,320,295,297,305,312,499,484,479,472,489,493,502,494,477,295,320,318,338,304,490,487,512,488,305,293,336,322,307,305
884,408,303,335,325,301,484,466,503,514,491,493,494,488,519,307,325,295,304,318,318,304,298,306,309,500,494,475,499,482,510,502,474,483,292,331,317,310,300,504,490,514,501,296,314,337,324,305,328
888,412,302,334,325,302,483,459,509,517,493,496,486,493,499,308,306,298,304,315,321,306,299,331,309,510,494,491,494,498,508,490,476,494,304,332,341,310,492,501,465,514,485,294,335,316,307,297,309
892,413,304,332,326,304,484,461,509,513,485,496,487,486,505,308,306,295,296,318,327,306,303,330,502,513,482,489,477,496,497,495,476,493,306,321,337,298,494,486,462,511,485,306,333,323,306,330,309
896,413,302,314,327,292,482,490,507,499,489,476,483,485,501,324,306,300,294,325,327,296,305,310,501,492,489,476,477,487,498,473,479,305,293,329,321,308,498,467,515,484,497,294,316,320,296,305,301
900,409,302,315,325,292,484,485,507,501,488,474,487,478,506,327,305,303,296,322,326,298,305,308,504,492,490,476,474,492,496,475,478,302,322,331,335,308,496,459,516,480,307,294,334,320,308,305,334
904,408,304,314,324,293,485,490,508,499,489,475,488,478,504,327,307,300,319,324,320,296,298,311,515,490,489,478,490,487,506,471,495,295,317,316,341,302,489,486,515,494,307,316,336,320,305,329,334
908,408,303,313,324,293,477,485,510,498,484,473,492,483,512,330,300,302,315,325,320,295,298,327,516,489,483,478,492,500,504,498,491,295,334,318,310,301,502,480,520,495,297,314,318,306,298,303,300
912,412,303,313,323,294,483,484,506,498,487,474,492,480,516,329,300,297,318,324,320,306,298,330,513,488,477,474,490,498,498,496,482,306,329,338,309,494,500,466,522,486,301,335,324,307,326,307,331
916,411,305,313,323,296,483,483,518,496,495,471,496,479,517,305,297,296,317,325,318,307,305,328,503,484,478,495,484,512,496,472,477,301,320,343,300,488,487,461,517,494,307,318,323,295,309,298,301
920,409,302,314,327,292,481,481,513,495,491,473,488,494,514,304,300,295,327,327,296,306,305,311,498,496,476,500,496,511,493,471,500,294,320,317,304,498,486,515,487,500,294,314,320,305,303,325,302
924,410,304,312,325,294,498,482,518,495,495,483,495,488,519,307,307,294,329,328,294,297,308,311,511,495,487,495,498,497,493,477,494,294,330,315,312,497,464,509,486,304,295,336,324,306,323,295,311
928,413,305,315,326,292,497,487,516,494,498,484,493,492,498,305,309,304,324,317,295,299,331,310,509,486,488,471,498,503,468,481,308,320,329,336,309,495,479,512,496,295,316,316,324,297,305,298,299
932,409,304,314,326,294,491,486,517,486,493,488,478,492,504,303,306,304,328,317,306,299,331,493,515,487,475,477,487,497,471,492,305,319,318,336,302,500,480,519,499,293,333,319,307,329,303,326,308
936,411,304,314,324,293,498,487,514,492,496,483,483,492,498,329,305,304,313,319,306,306,328,498,496,487,475,498,484,506,496,493,295,330,316,310,300,500,463,516,487,306,333,324,298,325,297,298,311
940,409,304,313,314,294,498,461,521,487,473,489,479,517,503,325,298,301,316,328,305,304,309,501,494,492,475,501,494,513,488,478,298,328,339,310,493,485,464,507,500,302,314,319,297,305,325,301,325
944,414,302,312,316,294,491,466,511,494,470,486,481,512,509,324,298,297,315,326,298,306,308,510,496,485,479,493,499,497,491,479,306,321,344,299,500,484,514,487,495,295,337,316,305,330,330,305,317
948,413,302,312,316,292,492,465,514,492,473,488,484,508,308,323,295,296,317,324,295,298,310,508,492,484,474,491,494,504,471,494,308,318,321,301,498,468,510,490,307,316,339,326,295,324,300,301,323
952,410,303,314,316,292,496,465,506,493,474,492,483,515,308,307,297,297,322,327,297,298,328,513,490,474,477,488,507,495,470,492,298,332,316,310,493,465,506,495,297,315,319,307,297,304,327,307,324
956,411,304,315,316,294,491,465,512,487,476,494,489,515,307,307,303,293,324,320,295,298,327,497,488,477,491,497,507,492,480,306,296,327,338,309,495,482,519,495,295,336,324,307,326,295,299,306,316
960,413,303,312,316,304,497,459,510,502,476,490,492,506,306,307,307,318,322,320,304,306,327,496,497,488,492,498,502,467,480,306,323,314,342,300,500,463,517,485,307,314,324,298,307,326,299,325,479
964,410,304,315,314,301,498,461,508,501,470,494,487,507,308,304,306,319,326,320,305,305,308,502,494,493,473,498,500,472,492,304,324,320,309,493,499,463,516,491,309,317,317,308,308,329,305,316,478
968,410,302,315,317,302,499,462,510,499,491,496,488,509,325,305,304,318,325,294,305,305,308,515,495,486,479,483,512,469,490,294,332,334,312,494,481,521,508,498,295,335,325,306,327,300,300,314,498
972,410,302,314,317,302,491,466,506,505,494,496,488,506,327,293,305,319,326,296,298,307,308,511,488,477,476,484,515,487,481,295,332,338,304,497,488,515,488,306,316,335,326,295,303,328,300,324,476
976,413,303,315,316,302,483,463,515,499,491,485,489,506,325,296,297,324,329,293,297,329,498,513,486,479,496,495,508,495,478,304,324,314,301,500,462,509,501,305,317,317,307,323,305,326,308,315,494
980,410,301,314,317,304,479,467,508,502,494,482,482,507,326,294,296,325,320,294,296,329,498,492,481,479,497,493,502,470,487,305,323,316,309,490,464,511,492,294,339,325,303,325,300,298,323,475,496
984,409,304,314,316,300,481,485,508,496,492,487,480,510,329,297,297,325,320,305,307,328,499,495,489,476,489,498,500,472,489,295,332,337,308,495,485,514,484,303,338,324,294,304,328,307,325,470,519
988,408,302,312,315,303,482,478,519,501,497,481,482,515,302,304,298,325,320,304,306,311,513,493,490,477,490,503,493,478,494,296,335,337,298,501,468,513,488,306,318,315,306,325,331,306,313,495,493
992,409,302,313,313,300,484,480,517,490,489,490,479,514,306,303,302,318,321,305,305,311,509,490,478,499,484,509,489,478,305,319,317,310,303,498,466,508,500,292,336,325,304,323,298,300,322,471,521
996,409,302,314,316,302,484,485,516,494,470,486,483,510,306,305,301,314,328,299,305,308,515,483,481,496,492,502,470,480,304,318,319,310,491,488,515,483,499,293,337,325,297,303,329,310,313,475,519
1000,413,305,312,314,304,479,487,511,490,474,489,486,511,307,308,302,315,328,296,297,331,500,484,483,493,500,496,470,493,294,328,344,300,495,484,515,488,305,316,321,305,327,298,329,305,316,492,493
1004,410,305,314,314,303,485,487,512,494,469,493,492,501,305,306,304,314,327,297,298,327,495,492,483,475,480,498,465,493,294,327,339,300,503,462,508,499,295,334,317,305,325,296,300,323,473,516,488
1008,413,304,314,316,304,478,486,520,492,469,493,490,500,329,295,297,325,323,294,298,330,494,493,488,475,486,507,494,480,301,321,321,309,498,466,513,499,292,336,326,297,307,327,307,316,501,487,483
1012,412,301,314,315,303,478,484,519,486,475,493,486,507,329,295,298,326,321,304,307,310,510,491,491,476,483,508,492,478,301,320,321,310,489,486,516,485,306,317,321,305,329,299,307,315,491,491,481
1016,412,303,314,316,300,484,485,515,492,475,494,487,509,330,297,296,326,320,307,307,310,510,490,481,491,498,503,471,492,295,333,343,300,494,484,520,480,306,316,321,302,327,299,299,325,474,515,492
1020,414,302,311,317,302,479,488,515,492,474,488,494,504,328,299,297,324,321,305,305,311,511,487,479,496,497,499,475,489,293,333,342,301,504,461,515,493,293,338,325,295,305,328,310,314,498,489,476
1024,409,334,326,293,491,465,503,502,491,488,477,522,306,303,303,319,325,296,299,329,499,497,484,480,485,507,498,477,303,322,318,309,496,481,516,489,304,317,320,308,327,300,299,322,475,516,485,519
