228
218
226
220
224
218
225
223
228
217
223
222
226
218
225
179
226
215
225
222
227
218
225
220
224
217
224
222
226
217
222
177
227
217
225
222
224
215
225
221
227
218
223
219
227
218
226
179
227
217
225
219
227
218
225
222
227
215
225
223
227
218
225
178
261
252
266
255
264
252
263
254
264
253
267
254
262
249
267
211
265
252
262
255
264
252
265
251
263
252
266
254
265
250
266
211
266
252
262
252
265
252
265
255
262
250
266
254
265
252
262
211
264
253
266
254
264
248
267
254
264
253
263
251
264
253
266
211
227
217
222
221
227
218
226
222
226
217
223
220
227
217
225
180
227
217
222
222
227
217
225
222
226
215
225
222
226
217
225
178
228
215
223
221
227
218
225
222
224
215
226
222
226
217
224
176
227
217
225
223
226
217
222
222
227
218
224
222
224
218
225
179
264
251
263
254
264
253
266
251
265
252
266
254
262
249
266
212
265
253
263
253
264
252
266
254
261
252
266
254
262
251
267
211
264
253
263
254
265
252
266
255
261
252
265
254
266
249
263
212
264
251
266
251
263
252
267
254
262
251
266
255
264
249
265
