4,415,41,41,41,41,41,41,41,41,41,41,41,41,41,41,41,111,41,41,41,41,41,41,41,41,41,41,41,41,41,41,41,111,41,41,41,41,41,41,41,41,41,41,41,41,41,41,41,111,41,41,41,41,41,41,41,41,41,41,41,41,41,41,41
8,411,41,41,41,41,41,41,41,111,41,41,41,41,41,41,41,111,41,41,41,41,41,41,41,111,41,41,41,41,41,41,41,307,41,41,41,41,41,41,41,111,41,41,41,41,41,41,41,111,41,41,41,41,41,41,41,111,41,41,41,41,41,41,41
12,416,41,41,41,41,41,111,41,41,41,41,111,41,41,41,41,111,41,41,41,41,41,307,41,41,41,41,111,41,41,41,41,111,41,41,41,41,41,111,41,41,41,41,300,41,41,41,41,111,41,41,41,41,41,111,41,41,41,41,111,41,41,41,41
16,414,41,41,41,111,41,41,41,111,41,41,41,111,41,41,41,306,41,41,41,111,41,41,41,111,41,41,41,111,41,41,41,296,41,41,41,111,41,41,41,111,41,41,41,111,41,41,41,307,41,41,41,111,41,41,41,111,41,41,41,111,41,41,41
20,413,41,41,41,111,41,41,110,41,41,111,41,41,306,41,41,111,41,41,41,111,41,41,111,41,41,299,41,41,111,41,41,111,41,41,41,111,41,41,308,41,41,111,41,41,111,41,41,111,41,41,41,335,41,41,111,41,41,111,41,41,111,41,41
24,415,41,41,110,41,41,111,41,111,41,41,304,41,41,111,41,111,41,41,111,41,41,299,41,111,41,41,111,41,41,111,41,308,41,41,111,41,41,111,41,111,41,41,337,41,41,111,41,111,41,41,111,41,41,315,41,111,41,41,111,41,41,111,41
28,413,41,41,110,41,111,41,110,41,41,305,41,111,41,111,41,111,41,41,299,41,111,41,111,41,41,111,41,310,41,111,41,111,41,41,111,41,335,41,111,41,41,111,41,111,41,314,41,111,41,41,111,41,111,41,339,41,41,111,41,111,41,111,41
32,411,41,111,41,111,41,111,41,305,41,111,41,111,41,111,41,298,41,111,41,111,41,111,41,310,41,111,41,111,41,111,41,337,41,111,41,111,41,111,41,313,41,111,41,111,41,111,41,337,41,111,41,111,41,111,41,316,41,111,41,111,41,111,41
36,414,41,111,41,111,41,111,41,305,111,41,111,41,111,41,301,111,41,111,41,111,41,308,41,111,111,41,111,41,337,41,111,111,41,111,41,314,41,111,41,111,111,41,339,41,111,41,111,111,41,319,41,111,41,111,41,111,325,41,111,41,111,41,111
40,416,41,111,41,111,111,41,305,111,41,111,41,111,298,41,111,111,41,111,41,308,111,41,111,111,41,338,41,111,111,41,111,316,41,111,41,111,111,41,337,111,41,111,41,111,315,41,111,111,41,111,41,325,111,41,111,111,41,319,41,111,111,41,111
44,411,41,111,110,41,111,307,41,111,111,41,111,297,41,111,111,111,41,309,111,41,111,111,41,333,111,41,111,111,41,315,111,111,41,111,334,41,111,111,41,111,318,41,111,111,41,111,324,111,41,111,111,41,318,111,41,111,111,41,327,111,41,111,111
48,412,41,111,110,111,41,307,110,111,41,111,300,111,41,111,111,307,41,111,111,111,41,337,111,111,41,111,312,111,41,111,111,339,41,111,111,111,41,318,111,111,41,111,324,111,41,111,111,318,41,111,111,111,41,331,111,111,41,111,317,111,41,111,111
52,410,41,111,110,111,307,41,110,111,111,299,41,111,111,111,309,111,41,111,111,336,111,41,111,111,316,111,41,111,111,339,111,111,41,111,314,111,111,41,111,326,111,111,41,111,314,111,111,111,41,331,111,111,111,41,318,111,111,111,41,296,111,111,111
56,410,41,111,110,111,306,111,110,111,41,299,111,111,111,308,111,111,41,111,338,111,111,111,313,111,41,111,111,337,111,111,111,315,41,111,111,111,327,111,111,111,41,316,111,111,111,331,111,111,41,111,319,111,111,111,296,111,41,111,111,305,111,111,111
60,415,41,111,110,111,305,111,110,111,301,111,111,111,307,111,111,111,41,334,111,111,111,316,111,111,111,337,111,111,111,318,111,111,41,111,325,111,111,111,318,111,111,111,330,111,111,111,319,111,41,111,111,297,111,111,111,306,111,111,111,295,111,111,111
64,414,111,111,110,307,111,111,110,298,111,111,111,309,111,111,111,334,111,111,111,315,111,111,111,340,111,111,111,315,111,111,111,327,111,111,111,315,111,111,111,329,111,111,111,320,111,111,111,294,111,111,111,306,111,111,111,296,111,111,111,308,111,111,111
68,414,111,111,110,308,111,111,110,298,111,111,111,309,111,111,111,334,111,111,316,111,111,111,338,111,111,111,318,111,111,111,325,111,111,316,111,111,111,328,111,111,111,319,111,111,111,296,111,111,303,111,111,111,297,111,111,111,305,111,111,111,493,111,111
72,415,111,111,110,305,111,111,110,298,111,111,310,111,111,111,334,111,111,316,111,111,111,337,111,111,319,111,111,111,325,111,111,319,111,111,111,329,111,111,111,320,111,111,295,111,111,111,304,111,111,297,111,111,111,306,111,111,499,111,111,111,489,111,111
76,412,111,111,110,307,111,111,297,111,111,111,310,111,111,334,111,111,315,111,111,111,338,111,111,317,111,111,325,111,111,111,318,111,111,328,111,111,111,321,111,111,294,111,111,306,111,111,111,295,111,111,308,111,111,490,111,111,111,488,111,111,493,111,111
80,414,111,111,110,307,111,111,295,111,111,308,111,111,335,111,111,313,111,111,111,339,111,111,317,111,111,327,111,111,318,111,111,329,111,111,111,320,111,111,296,111,111,305,111,111,295,111,111,308,111,111,111,498,111,111,481,111,111,499,111,111,483,111,111
84,411,111,111,110,306,111,111,299,111,111,306,111,111,336,111,111,315,111,111,340,111,111,317,111,111,324,111,111,318,111,111,329,111,111,320,111,111,293,111,111,305,111,111,297,111,111,305,111,111,500,111,111,483,111,111,500,111,111,484,111,111,468,111,111
88,413,111,111,303,111,111,299,110,111,309,111,111,334,111,111,315,111,111,337,111,111,318,111,111,326,111,111,318,111,111,331,111,317,111,111,296,111,111,305,111,111,295,111,111,307,111,111,492,111,111,487,111,111,494,111,111,490,111,111,468,111,111,489,111
92,412,111,111,303,111,111,299,110,111,308,111,111,335,111,317,111,111,337,111,111,318,111,111,325,111,111,318,111,328,111,111,321,111,111,294,111,111,306,111,295,111,111,309,111,111,492,111,111,485,111,111,502,111,486,111,111,469,111,111,490,111,111,466,111
96,413,111,111,304,111,111,299,110,309,111,111,333,111,111,314,111,337,111,111,319,111,111,326,111,318,111,111,325,111,111,321,111,294,111,111,306,111,111,296,111,308,111,111,492,111,111,488,111,495,111,111,485,111,111,470,111,485,111,111,471,111,111,495,111
100,414,111,111,304,111,111,299,110,309,111,111,334,111,316,111,111,337,111,317,111,111,325,111,111,319,111,328,111,111,321,111,294,111,111,306,111,297,111,111,306,111,498,111,111,488,111,111,495,111,491,111,111,468,111,484,111,111,471,111,491,111,111,506,111
104,412,111,111,305,111,300,111,110,307,111,336,111,111,315,111,339,111,111,314,111,326,111,111,318,111,327,111,111,319,111,295,111,302,111,111,297,111,308,111,111,491,111,487,111,111,494,111,489,111,111,461,111,488,111,111,468,111,492,111,111,508,111,517,111
108,414,111,111,306,111,298,111,110,308,111,337,111,313,111,111,337,111,317,111,325,111,111,318,111,331,111,111,317,111,296,111,306,111,111,295,111,308,111,498,111,111,485,111,499,111,111,483,111,467,111,488,111,111,470,111,489,111,511,111,111,518,111,512,111
112,414,111,111,306,111,297,111,307,111,111,336,111,315,111,336,111,317,111,111,328,111,315,111,327,111,111,320,111,294,111,305,111,297,111,111,305,111,497,111,487,111,111,494,111,489,111,466,111,486,111,111,469,111,488,111,511,111,111,515,111,510,111,522,111
116,415,111,111,306,111,299,111,308,111,337,111,111,313,111,337,111,318,111,324,111,317,111,111,327,111,321,111,296,111,303,111,296,111,111,308,111,493,111,487,111,496,111,490,111,111,468,111,486,111,470,111,492,111,509,111,111,521,111,509,111,520,111,501,111
120,412,111,111,306,111,299,111,306,111,336,111,314,111,339,111,318,111,111,326,111,315,111,330,111,317,111,296,111,305,111,295,111,307,111,111,493,111,483,111,499,111,489,111,466,111,488,111,470,111,111,489,111,512,111,520,111,506,111,521,111,501,111,496,111
124,413,111,111,304,111,298,111,306,111,337,111,314,111,337,111,319,111,326,111,316,111,331,111,319,111,295,111,306,111,296,111,306,111,111,495,111,483,111,501,111,485,111,468,111,486,111,467,111,491,111,507,111,520,111,510,111,522,111,500,111,498,111,502,111
128,416,111,306,110,301,111,308,110,334,111,317,111,338,111,319,111,325,111,316,111,331,111,318,111,295,111,305,111,295,111,308,111,491,111,488,111,495,111,491,111,463,111,489,111,466,111,492,111,508,111,513,111,513,111,517,111,505,111,492,111,506,111,493,111
132,412,111,307,110,298,111,307,110,337,111,314,111,340,111,316,111,325,111,318,111,328,111,321,111,294,111,304,111,298,111,306,111,499,482,111,501,111,485,111,469,111,484,111,472,111,487,111,513,111,512,111,515,111,517,111,504,111,491,111,507,111,492,111,500
136,413,111,306,110,297,111,309,110,335,111,314,111,340,111,318,111,324,317,111,330,111,320,111,293,111,304,111,296,111,307,111,490,486,111,499,111,484,111,467,111,488,111,466,111,492,111,506,111,522,512,111,519,111,503,111,490,111,506,111,492,111,498,111,477
140,412,111,306,110,299,111,307,110,337,111,316,335,111,318,111,328,111,317,111,331,111,321,296,111,302,111,298,111,307,111,492,111,486,500,111,488,111,467,111,483,111,469,111,492,502,111,521,111,511,111,514,111,501,111,491,504,111,494,111,499,111,475,111,497
144,414,111,304,110,300,111,309,110,334,315,111,339,111,318,111,324,317,111,330,111,319,111,294,111,305,296,111,304,111,495,111,487,495,111,490,111,464,111,491,111,469,489,111,511,111,513,111,512,516,111,503,111,495,111,504,111,496,491,111,475,111,500,111,478
148,413,111,304,110,299,111,309,335,111,313,111,339,111,317,326,111,315,111,331,111,320,293,111,305,111,297,305,111,497,111,481,111,499,483,111,467,111,488,111,464,492,111,510,111,518,512,111,520,111,501,111,495,504,111,489,111,497,111,469,500,111,477,111,489
152,415,111,304,110,301,111,307,333,111,317,111,337,316,111,328,111,316,331,111,319,111,294,306,111,297,111,307,499,111,483,111,502,485,111,469,111,484,111,469,488,111,509,111,524,508,111,520,111,497,496,111,499,111,499,492,111,477,111,496,480,111,486,111,493
156,415,111,305,110,298,310,111,334,111,314,340,111,316,111,324,318,111,328,111,321,297,111,304,296,111,307,111,492,489,111,495,111,491,463,111,492,111,465,493,111,508,111,522,507,111,521,499,111,499,111,502,500,111,494,111,478,497,111,482,111,485,498,111,487
160,413,111,308,110,298,307,111,336,314,111,338,111,319,325,111,317,331,111,318,111,295,306,111,295,306,111,497,111,482,502,111,484,469,111,487,111,471,483,111,512,512,111,513,111,515,504,111,491,506,111,492,111,498,472,111,503,474,111,493,111,494,494,111,495
164,412,111,308,110,301,307,111,337,316,111,334,317,111,328,111,316,331,111,320,294,111,305,297,111,305,497,111,481,111,501,484,111,468,486,111,470,487,111,511,111,512,513,111,516,504,111,494,504,111,497,498,111,477,111,495,480,111,483,497,111,486,499,111,487
168,414,111,305,110,297,309,111,335,315,111,337,318,111,326,315,111,330,319,111,293,304,111,296,308,111,491,487,111,496,488,111,467,483,111,470,111,486,511,111,516,510,111,521,500,111,496,506,111,491,496,111,474,497,111,477,486,111,497,489,111,499,479,111,494
172,410,111,306,299,111,305,336,110,315,340,111,315,326,111,317,330,111,317,296,111,305,297,111,305,497,111,483,498,111,488,464,111,487,469,111,491,508,111,522,504,111,521,502,111,493,505,111,498,491,111,477,501,111,472,489,111,496,485,111,498,486,111,488,485
176,411,111,307,298,111,309,333,110,316,340,111,317,326,111,315,330,319,111,295,302,111,296,307,111,490,486,111,496,488,111,466,482,468,111,491,504,111,520,511,111,516,502,111,493,504,111,497,492,477,111,500,478,111,491,497,111,491,496,111,487,494,111,487,497
180,414,111,305,298,111,307,334,110,317,340,316,111,325,319,111,330,318,111,297,306,296,111,309,499,111,485,499,111,490,468,488,111,473,488,111,512,513,508,111,518,498,111,494,500,111,496,492,479,111,495,480,111,485,498,111,486,501,482,111,495,488,111,492,521
184,411,111,307,297,111,308,338,313,111,339,318,111,325,316,332,111,318,296,111,304,295,308,111,492,485,111,496,485,470,111,485,471,486,111,511,516,111,513,517,503,111,492,507,111,493,498,474,111,499,476,111,489,496,486,111,500,481,111,498,482,496,111,515,504
188,415,111,305,297,111,308,335,314,111,338,316,325,111,316,332,318,111,294,304,111,297,306,493,111,482,498,485,111,466,486,467,111,496,509,111,517,510,518,111,505,494,503,111,497,494,480,111,499,476,111,487,493,493,111,495,483,497,111,483,494,519,111,504,522
192,413,111,308,298,308,111,339,317,339,111,317,327,319,111,326,318,294,111,307,296,306,111,499,482,495,111,488,465,484,111,469,487,509,111,517,508,524,111,498,493,505,111,493,499,472,111,498,478,486,111,499,487,495,111,485,491,490,111,493,523,506,111,517,512
196,414,111,307,297,307,111,337,314,340,111,315,327,318,111,331,320,294,305,111,297,308,493,111,487,499,482,111,466,488,463,111,490,509,517,512,111,514,503,494,111,499,495,497,111,471,499,478,111,486,498,486,499,111,485,491,487,111,497,514,507,111,522,504,307
