1375
1403
1206
1387
1418
1235
1101
948
1194
1311
1431
1332
1220
1142
678
1215
679
1325
1464
697
1141
1202
870
877
1210
827
908
1349
877
708
837
1151
711
882
903
848
685
686
1173
678
865
836
878
878
698
1184
1226
713
833
680
710
682
730
793
1285
1204
855
684
1343
685
692
714
839
877
695
863
888
882
683
844
939
677
698
694
1256
851
849
693
700
686
832
878
1299
705
680
852
865
869
684
904
1208
829
815
1239
685
673
684
837
859
1374
1164
682
682
863
878
894
703
682
703
682
1036
675
862
888
901
677
854
783
683
834
883
799
888
694
691
875
712
672
1106
882
1109
821
677
685
861
893
677
686
861
853
1131
850
864
846
696
894
701
870
684
895
685
684
847
694
680
682
1125
697
863
1050
684
899
698
883
851
677
759
894
681
884
699
698
829
686
872
867
747
913
880
844
710
693
835
684
685
684
692
680
698
832
851
860
865
945
705
684
983
852
687
696
685
689
882
893
869
684
679
673
855
843
875
834
884
878
683
859
837
683
685
700
836
833
853
681
893
859
683
680
901
846
860
684
693
870
790
719
901
813
885
672
685
799
689
725
845
1030
817
835
696
901
872
695
1195
804
823
686
873
886
682
856
690
687
687
862
1082
711
685
691
681
748
893
665
700
789
682
684
1023
681
861
677
889
1121
685
892
890
681
853
821
709
801
683
846
688
1053
683
680
892
820
991
693
943
861
865
676
900
679
861
700
719
704
695
682
698
682
843
911
821
683
686
781
701
685
1061
881
683
885
684
865
679
849
715
681
682
699
752
885
696
993
871
879
789
917
1115
692
854
831
684
687
683
888
862
815
683
1110
918
704
686
885
1132
867
682
910
706
1143
710
860
708
887
853
684
759
684
716
708
871
683
848
867
857
855
911
876
690
832
682
888
860
696
1142
693
933
683
841
885
707
889
881
857
856
712
881
906
859
683
878
707
878
681
944
730
682
870
804
684
894
1044
896
684
889
826
679
880
676
855
851
694
840
684
836
844
878
673
855
688
857
876
871
886
1256
721
703
905
695
681
795
682
932
846
692
828
869
678
721
795
837
700
677
885
859
683
690
706
682
669
713
844
861
857
712
867
854
704
684
856
901
682
824
853
757
692
1050
787
679
862
681
686
860
835
895
861
862
838
813
827
881
667
802
837
685
849
681
685
723
888
685
684
710
906
885
1058
879
674
680
887
689
851
895
678
685
877
877
685
716
684
706
699
810
676
681
1039
695
684
784
686
851
703
698
684
864
676
903
677
702
669
898
778
878
1065
824
844
1268
1256
880
683
706
682
677
692
751
677
1079
911
819
866
678
882
681
687
730
685
828
681
801
677
843
852
815
889
893
842
681
1214
684
866
1279
892
879
802
865
693
692
683
696
700
835
710
685
853
686
700
793
880
884
678
1197
822
703
675
695
756
852
690
893
683
757
1015
963
809
685
828
677
710
871
865
828
841
1173
828
681
853
908
707
705
826
848
877
715
897
876
677
696
854
697
862
694
887
714
864
679
683
700
683
835
706
839
700
919
856
692
870
690
859
698
848
845
835
860
772
849
718
752
874
880
684
684
849
711
696
848
819
848
698
891
679
899
701
691
667
684
691
691
677
852
683
696
701
1169
680
697
861
892
859
867
882
685
865
1275
789
867
1136
701
857
694
687
737
873
704
677
684
1228
837
893
878
873
864
686
725
683
676
686
683
692
789
978
683
844
883
707
694
1246
818
682
866
893
678
860
697
870
732
683
863
673
791
706
879
950
824
687
679
875
947
684
684
694
889
683
1083
672
890
993
680
880
703
705
875
714
845
685
698
884
684
682
954
840
871
689
866
683
683
859
682
680
685
693
703
703
701
897
681
853
798
789
849
865
867
875
704
834
888
683
680
682
881
683
982
838
847
682
682
703
710
871
934
855
854
680
709
886
682
1033
850
827
876
826
865
684
686
681
739
714
879
856
988
848
685
694
912
668
966
852
685
884
684
899
863
686
683
829
895
682
871
1178
683
677
876
681
683
685
699
846
876
1227
688
834
684
682
683
1090
859
670
859
683
683
678
686
690
705
1024
1005
860
699
1290
815
683
1129
880
859
885
683
867
833
1003
683
682
680
990
679
705
702
685
685
836
703
911
824
875
802
876
895
824
683
873
862
680
875
877
690
694
815
683
863
882
687
845
827
863
858
844
684
876
846
683
882
874
682
692
872
699
677
1037
762
895
677
927
1251
686
1062
887
839
877
683
676
852
699
700
859
864
692
846
678
924
943
786
863
816
863
806
695
790
683
696
690
910
685
686
684
709
684
683
701
686
836
971
862
684
693
689
825
685
947
860
895
884
1145
863
851
936
707
894
696
863
868
685
864
888
689
700
678
885
842
1262
701
681
891
680
683
676
876
868
688
689
882
679
865
829
842
883
690
785
768
703
712
877
685
676
682
993
690
680
859
817
801
686
685
869
682
816
847
686
1006
911
682
749
904
684
880
693
701
730
686
719
724
1210
687
694
678
1248
708
843
751
700
684
835
688
712
679
1127
853
903
885
868
865
685
699
688
876
691
683
1192
838
684
695
703
882
1235
857
860
863
789
685
821
861
683
701
806
683
677
825
983
1050
686
1157
889
678
683
861
891
683
882
702
682
1245
692
883
883
1070
685
721
802
887
915
687
870
683
687
973
685
693
684
819
966
881
883
810
691
874
883
694
838
685
887
691
685
676
699
869
693
857
815
862
874
876
790
851
726
871
681
843
683
682
703
1002
848
672
677
684
684
881
896
840
865
784
683
720
684
792
885
859
686
667
870
679
683
829
690
882
874
913
925
685
817
1062
890
681
840
883
714
682
695
796
881
701
852
910
880
686
678
683
706
700
719
689
683
717
950
684
685
708
686
683
856
872
682
862
701
687
971
836
848
795
855
964
884
687
1033
885
865
837
859
685
884
684
850
1017
678
710
714
683
684
697
885
835
681
685
872
1106
682
803
880
673
701
684
844
719
677
862
724
686
964
685
786
683
934
864
839
675
701
866
889
682
843
703
679
850
681
683
850
699
685
682
682
674
683
684
681
867
678
686
892
873
677
891
910
1027
857
694
710
843
888
680
685
676
809
680
862
868
700
688
874
1047
698
793
916
690
840
683
704
825
827
689
702
878
870
682
684
909
882
875
891
686
706
684
697
915
728
860
877
854
840
848
852
796
1034
836
835
699
871
704
706
1070
861
685
868
694
700
685
905
872
853
860
879
792
767
677
1011
827
872
820
864
686
680
857
706
946
704
960
701
850
684
852
686
846
681
698
695
866
714
693
687
810
931
701
684
887
681
854
891
684
877
682
875
857
906
1041
683
1062
877
1091
710
816
849
683
868
852
690
822
802
710
976
682
893
684
844
684
724
670
712
687
869
864
897
1263
1135
802
678
862
852
685
682
682
885
674
843
699
827
682
706
847
793
709
676
907
827
683
813
677
716
911
861
902
682
846
855
794
843
683
877
683
711
859
686
1187
825
1190
684
711
685
907
894
857
729
871
866
1074
836
850
683
693
1023
774
904
848
703
864
680
689
869
885
806
1063
789
684
856
799
852
1205
683
887
862
866
706
853
700
693
810
685
898
683
689
963
679
1085
847
706
861
862
681
684
1001
681
814
680
855
881
683
804
731
1144
687
698
679
708
704
700
695
676
869
848
699
679
698
676
684
671
831
684
708
836
871
678
959
838
690
681
712
681
803
682
796
820
684
682
684
683
684
881
696
877
682
684
797
683
816
686
834
674
821
864
882
684
1025
694
865
681
683
683
953
881
679
685
818
673
1284
842
683
867
679
683
891
811
833
699
682
874
700
697
682
790
843
854
702
849
864
861
679
682
698
863
1294
698
686
680
700
672
687
680
689
679
833
679
683
873
802
676
849
813
707
713
952
684
685
948
680
701
879
696
680
844
880
832
678
685
871
894
698
889
896
847
684
856
737
876
684
682
684
684
684
682
681
882
912
1186
857
679
859
692
884
1020
905
724
804
685
868
700
677
685
871
880
683
678
683
849
1254
686
944
876
682
685
893
681
798
792
827
870
684
687
687
681
702
827
1066
682
922
682
683
684
684
888
854
673
683
1083
682
684
676
699
1028
933
702
914
711
896
884
683
864
699
889
1237
686
794
874
862
886
896
1105
683
694
684
694
683
729
868
867
703
692
1077
683
1042
852
824
701
683
876
684
886
915
860
897
695
827
687
710
680
1226
709
683
704
946
874
679
891
831
823
692
716
867
817
872
685
860
687
682
690
683
912
881
696
680
1212
858
852
854
723
678
894
1252
720
808
846
895
883
684
681
683
716
794
891
683
682
880
840
682
863
681
686
684
800
861
735
682
690
673
681
682
694
873
691
838
676
1200
907
884
695
863
845
686
882
821
863
698
881
682
682
878
940
826
871
789
683
696
679
868
935
681
840
946
684
862
730
692
868
697
683
697
689
893
858
942
819
858
687
692
832
681
683
678
684
676
682
703
684
695
1131
711
910
673
678
840
710
802
676
700
679
707
853
897
706
690
684
683
717
1114
681
685
858
683
723
683
913
837
827
709
886
899
684
1243
681
692
681
819
1161
896
890
686
903
1236
699
714
683
677
685
678
804
845
696
855
925
684
904
822
681
806
890
1214
696
871
855
685
937
820
824
690
827
716
799
700
702
1225
1141
896
862
866
838
866
764
668
890
817
900
688
801
682
855
687
838
990
739
684
878
680
890
674
866
1178
719
685
846
708
678
803
1152
683
797
701
862
882
822
