1536,94,94,94,94,94,94,94,94,94,94,94,94,94,94,94,94,94,94,94,94,94,94,94
1600,94,94,94,94,94,94,94,94,94,94,94,94,94,94,94,94,94,94,94,94,94,94,94,94
1664,94,94,94,94,94,94,94,94,94,94,94,94,94,94,94,94,94,94,94,94,94,94,94,94,94
1728,94,94,94,94,94,94,94,94,94,94,94,94,94,94,94,94,94,94,94,94,94,94,94,94,94,94
1792,94,94,164,94,94,94,94,94,94,94,94,94,94,94,94,94,94,94,94,94,94,94,94,94,94,94,94
1856,94,94,164,94,94,94,94,94,94,94,94,94,94,94,94,94,94,94,94,94,94,94,94,94,94,94,94,94
1920,94,94,164,94,94,94,94,94,94,94,94,94,94,94,94,94,94,94,94,94,94,94,94,94,94,94,94,94,94
1984,94,94,164,94,94,94,94,94,94,94,94,94,94,94,94,94,94,94,94,94,94,94,94,94,94,94,94,94,94,94
2048,94,94,164,94,94,94,94,94,94,94,94,94,94,94,94,94,94,94,94,94,94,94,94,94,94,94,94,94,94,94,94
2112,94,94,164,94,94,94,94,94,94,94,94,94,94,94,94,164,94,94,94,94,94,94,94,164,94,94,94,94,94,94,94,164
2176,164,94,164,94,94,94,94,94,94,94,94,94,94,94,94,164,164,94,94,94,94,94,94,164,164,94,94,94,94,94,94,164,164
2240,164,164,164,94,94,94,94,94,94,94,94,94,94,94,94,164,164,164,94,94,94,94,94,164,164,164,94,94,94,94,94,164,164,164
2304,164,164,164,94,94,94,94,94,94,94,164,94,94,94,94,164,164,164,164,94,94,94,94,164,164,164,164,94,94,94,94,164,164,164,164
2368,164,164,164,164,94,94,94,94,94,94,164,94,94,94,94,164,164,164,164,164,94,94,94,164,164,164,164,164,94,94,94,164,164,164,164,164
2432,164,164,164,164,164,94,94,94,94,94,164,94,94,94,94,164,164,164,164,164,164,94,94,164,164,164,164,164,164,94,94,164,164,164,164,164,164
2496,164,164,164,164,164,164,94,94,94,94,164,94,94,94,94,164,164,164,164,164,164,164,94,164,164,164,164,164,164,164,94,164,164,164,164,164,164,164
2560,164,164,164,164,164,164,164,94,94,94,164,94,94,94,94,164,164,164,164,164,164,164,164,164,164,164,164,164,164,164,164,164,164,164,164,164,164,164,164
2624,164,164,164,164,164,164,164,164,94,94,164,94,94,94,94,164,164,164,164,164,164,164,164,164,164,164,164,164,164,164,164,164,164,164,164,164,164,164,164,164
2688,164,164,164,164,164,164,164,164,164,94,164,94,94,94,94,164,164,164,164,164,164,164,164,164,164,164,164,164,164,164,164,164,164,164,164,164,164,164,164,164,164
2752,164,164,164,164,164,164,164,164,164,164,164,94,94,94,94,164,164,164,164,164,164,164,164,164,164,164,164,164,164,164,164,164,164,164,164,164,164,164,164,164,164,164
2816,164,164,164,164,164,164,164,164,164,164,164,94,94,94,94,164,164,164,164,164,164,164,164,164,164,164,164,164,164,164,164,164,164,164,164,164,164,164,164,164,164,164,164
