4,39,267,36,36,445,270,36,36,36,36,36,36,36,36,36,36,36,36,36,36,36,36,36,36,36,36,36,36,36,36,36
8,449,269,447,452,36,36,36,264,36,36,268,36,36,36,36,36,268,36,36,36,36,36,36,36,36,36,36,36,36,36,36
12,452,267,451,36,487,308,271,36,36,36,36,443,36,486,36,266,36,36,299,36,271,36,36,36,36,36,36,36,36,36,36
16,492,444,301,447,448,490,478,36,36,36,271,263,36,36,307,301,266,36,36,36,489,36,36,36,36,36,268,301,36,36,36
20,454,447,489,451,485,36,449,300,479,486,36,298,36,36,311,269,300,36,271,36,444,268,301,36,36,36,36,36,269,307,36
24,453,486,36,446,298,489,445,36,447,270,451,448,307,267,300,36,484,36,300,36,269,476,307,300,36,36,272,445,299,305,36
28,413,492,265,450,451,448,308,479,448,489,300,454,36,449,448,266,305,479,36,309,300,296,302,36,304,410,268,36,263,268,264
32,454,266,485,311,449,453,411,479,414,447,416,410,298,266,484,260,298,488,447,308,303,261,262,455,263,266,299,271,448,301,308
36,453,484,450,452,453,481,485,415,445,415,263,481,270,295,415,448,299,309,305,261,452,267,444,302,266,409,266,300,449,311,271
40,449,451,412,458,259,447,488,445,483,448,472,414,452,270,412,449,302,305,458,488,298,262,448,303,408,452,307,302,263,267,298
44,416,447,449,481,447,453,412,264,414,487,413,452,301,450,451,448,453,412,268,414,268,299,452,297,306,439,487,299,489,298,264
48,454,413,414,448,453,486,449,458,449,451,415,416,407,413,416,453,409,448,262,269,457,475,489,480,451,305,302,298,262,264,263
52,450,448,412,262,414,441,457,481,450,478,451,413,410,413,406,453,449,411,268,453,451,490,300,414,489,409,413,300,261,450,300
56,410,413,451,410,411,452,485,414,450,268,405,482,447,454,487,411,262,447,410,415,448,301,262,413,413,453,406,449,458,484,452
60,414,479,413,481,412,445,451,412,449,447,406,413,490,456,449,449,452,445,448,268,458,407,452,413,410,265,489,452,410,414,415
64,415,453,451,413,408,480,452,479,448,451,451,488,445,452,444,450,413,410,491,409,448,413,410,415,453,458,412,412,455,446,418
68,488,408,412,453,449,417,448,415,448,485,459,447,410,413,447,454,408,407,482,411,449,449,445,417,409,457,486,412,456,447,413
72,418,407,450,450,447,455,410,479,412,478,454,411,448,453,453,455,413,412,491,408,414,450,410,458,413,408,451,407,492,446,415
76,412,415,410,412,415,450,413,453,411,411,409,444,454,447,445,415,474,452,416,446,479,490,449,458,447,409,415,445,446,418,448
80,457,415,446,416,454,446,460,407,486,450,408,453,474,410,452,409,451,480,445,452,411,448,453,413,414,448,415,409,409,452,411
84,458,450,450,413,449,414,410,408,451,447,450,488,447,416,444,449,413,407,414,485,460,411,452,411,407,498,444,413,452,446,486
88,459,491,454,456,485,411,410,414,444,454,449,415,408,478,443,412,450,483,415,406,458,451,443,453,411,415,451,480,414,445,414
92,418,451,445,496,448,413,411,446,456,407,457,444,409,413,482,450,416,410,483,481,451,454,477,415,450,411,492,408,454,409,488
96,497,488,443,412,413,478,453,446,405,413,412,445,450,479,483,455,450,414,451,457,477,495,451,410,483,451,410,413,413,446,452
100,415,411,484,494,496,413,445,484,484,452,451,408,413,454,487,441,481,415,450,410,488,413,450,410,406,447,456,481,444,412,453
104,492,454,442,495,453,406,487,450,406,487,411,409,458,450,474,452,450,451,412,490,449,409,415,412,411,452,482,492,411,450,490
108,488,488,488,452,477,410,446,411,407,489,411,451,448,486,415,414,491,415,457,411,482,448,449,449,451,451,453,482,412,412,478
112,491,411,485,450,412,487,440,447,449,445,449,410,485,481,410,450,495,478,492,454,449,414,480,411,446,451,415,412,409,490,487
116,414,451,293,485,486,414,476,454,481,474,411,448,482,447,455,413,446,452,449,488,412,488,449,413,451,488,485,416,415,443,452
120,415,408,486,493,485,297,411,452,410,456,452,411,412,479,487,483,482,447,479,492,450,455,289,451,453,449,447,414,486,414,441
124,410,483,409,486,484,408,455,445,446,447,449,414,475,417,484,453,457,447,299,417,291,477,415,484,263,484,454,444,415,492,494
128,458,448,494,451,445,484,262,299,296,410,410,409,482,412,449,478,498,448,410,412,486,478,479,446,461,448,493,484,260,414,415
132,411,260,414,481,489,476,482,299,446,494,408,458,447,453,444,262,493,482,499,407,489,452,480,455,412,416,410,452,411,293,449
136,490,409,258,489,453,482,263,489,414,410,452,480,444,453,445,493,449,298,490,477,412,292,444,414,450,454,482,414,304,489,415
140,492,448,407,411,483,408,416,449,409,493,480,413,303,489,498,449,256,295,445,411,481,262,450,455,294,482,450,304,453,478,453
144,452,489,457,408,483,408,452,257,410,413,448,416,410,481,487,298,291,457,261,452,485,495,477,414,447,487,296,448,497,299,264
148,417,410,482,497,484,302,263,409,487,410,483,449,476,294,409,261,483,410,482,292,259,451,490,449,410,451,456,451,264,449,458
152,453,481,414,483,263,264,476,482,477,299,452,291,261,455,481,415,414,445,414,409,412,493,448,460,300,448,489,484,452,294,258
156,447,448,301,481,449,454,479,454,412,449,482,263,259,263,412,489,491,412,491,290,458,413,409,451,264,479,298,260,414,264,483
160,488,485,302,410,413,449,489,487,408,482,264,301,256,294,450,409,262,447,261,489,409,412,296,490,452,415,479,264,416,474,456
164,451,261,413,299,301,412,261,303,449,484,413,473,485,293,481,449,411,414,494,486,410,414,263,494,450,455,303,296,482,261,447
168,489,409,481,299,264,487,484,494,411,444,303,448,412,258,407,451,301,485,262,260,263,479,298,413,450,480,450,449,258,409,452
172,297,449,474,412,487,261,413,259,263,445,260,449,450,408,452,485,450,265,414,297,299,265,295,413,299,413,453,480,494,481,490
176,266,487,445,486,450,257,412,489,303,407,260,480,293,301,487,258,412,452,480,303,452,413,445,412,413,493,263,445,457,299,259
180,295,265,445,413,409,261,451,481,303,478,483,297,448,261,266,475,301,303,409,484,451,407,299,496,443,304,451,453,450,455,262
184,265,490,446,492,259,261,263,295,449,412,412,448,452,444,413,482,487,300,259,489,298,411,497,262,477,259,411,264,299,454,447
188,261,292,490,262,410,414,300,409,479,409,411,411,296,444,475,304,482,481,308,445,449,476,265,455,262,454,262,454,262,298,491
192,491,257,262,268,480,261,294,484,449,485,407,414,303,408,450,488,299,410,259,301,485,409,303,263,447,454,412,264,452,263,457
196,449,451,412,447,264,495,408,487,264,447,449,407,478,449,475,294,299,412,303,259,479,413,410,262,304,484,262,267,299,262,307
200,417,292,479,262,263,300,294,455,302,410,451,411,486,456,262,262,491,482,265,265,483,265,297,447,487,260,444,301,458,410,412
204,264,302,412,446,443,411,477,264,293,263,262,479,263,493,451,409,261,411,301,263,452,265,480,476,449,264,300,305,452,412,486
208,269,263,263,406,263,479,262,448,441,301,493,484,451,487,266,303,405,412,451,293,297,258,265,411,482,452,263,496,306,412,453
212,460,264,260,298,446,410,256,291,450,264,296,301,449,484,488,448,479,409,303,302,263,474,452,412,263,455,268,266,259,410,486
216,412,264,483,448,296,488,263,454,408,411,266,303,263,260,283,412,261,484,447,307,292,411,298,492,451,266,442,486,478,292,265
220,490,483,413,452,445,266,263,489,264,299,288,290,412,449,260,484,266,261,406,262,479,489,449,414,263,262,301,267,303,409,454
224,454,408,266,300,304,478,264,477,284,293,409,484,263,484,302,259,412,449,452,264,263,449,263,301,267,406,495,303,444,448,291
228,450,264,265,409,297,450,297,264,486,263,407,414,303,408,264,454,481,454,483,260,415,264,292,482,264,477,301,293,266,449,288
232,494,294,446,415,291,480,483,263,282,454,266,490,263,259,442,263,290,262,410,456,445,491,407,456,264,265,409,300,301,305,302
236,267,265,291,257,302,298,408,264,266,407,483,264,283,447,290,445,486,264,297,450,411,485,269,300,456,482,482,268,450,476,414
240,264,283,265,490,488,258,445,294,448,264,261,291,451,296,482,298,483,412,259,290,452,264,413,409,261,300,305,264,411,488,449
244,268,292,262,266,414,477,452,263,297,298,497,282,288,497,445,408,266,288,261,301,299,259,483,447,264,484,447,266,455,408,414
248,294,449,407,484,285,408,489,298,481,298,288,266,303,489,413,263,261,451,287,449,264,262,261,303,446,264,490,296,409,455,265
252,293,407,414,286,261,261,449,445,305,451,293,266,448,297,290,262,261,412,450,481,295,266,264,299,265,475,490,479,412,303,475
256,301,305,264,262,261,266,291,282,447,264,481,449,291,257,411,266,487,263,299,263,299,455,409,478,289,448,298,489,408,487,412
