4,112,112,112,112,112,112,112,112,112,112,112,112,112,112,112,112,112,112,112,112,112,112,112,112,112,112,112,112,112,112,112,544,112,112,112,112,112,112,112,112,112,112,112,112,112,112,112,112,112,112,112,112,112,112,112,112,112,112,112,112,112,112,112
8,116,116,116,116,116,116,116,116,116,116,116,116,116,116,116,352,116,116,116,116,116,116,116,116,116,116,116,116,116,116,116,444,116,116,116,116,116,116,116,116,116,116,116,116,116,116,116,360,116,116,116,116,116,116,116,116,116,116,116,116,116,116,116
12,116,116,116,116,116,116,116,116,116,116,564,116,116,116,116,116,116,116,116,116,116,660,116,116,116,116,116,116,116,116,116,572,116,116,116,116,116,116,116,116,116,116,680,116,116,116,116,116,116,116,116,116,116,592,116,116,116,116,116,116,116,116,116
16,112,112,112,112,112,112,112,376,112,112,112,112,112,112,112,468,112,112,112,112,112,112,112,384,112,112,112,112,112,112,112,484,112,112,112,112,112,112,112,396,112,112,112,112,112,112,112,476,112,112,112,112,112,112,112,388,112,112,112,112,112,112,112
20,116,116,116,116,116,116,536,116,116,116,116,116,628,116,116,116,116,116,116,540,116,116,116,116,116,648,116,116,116,116,116,560,116,116,116,116,116,116,548,116,116,116,116,116,552,116,116,116,116,116,116,528,116,116,116,116,116,532,116,116,116,116,116
24,116,116,116,116,116,360,116,116,116,116,452,116,116,116,116,368,116,116,116,116,116,468,116,116,116,116,380,116,116,116,116,460,116,116,116,116,116,372,116,116,116,116,444,116,116,116,116,356,116,116,116,116,116,456,116,116,116,116,368,116,116,116,116
28,112,112,112,112,568,112,112,112,112,660,112,112,112,576,112,112,112,112,684,112,112,112,596,112,112,112,112,672,112,112,112,584,112,112,112,112,652,112,112,112,112,564,112,112,112,672,112,112,112,112,584,112,112,112,672,112,112,112,112,588,112,112,112
32,112,112,112,568,112,112,112,660,112,112,112,576,112,112,112,684,112,112,112,596,112,112,112,672,112,112,112,584,112,112,112,652,112,112,112,564,112,112,112,672,112,112,112,584,112,112,112,672,112,112,112,588,112,112,112,676,112,112,112,592,112,112,112
36,112,112,112,348,112,112,112,356,112,112,356,112,112,112,456,112,112,368,112,112,112,448,112,112,364,112,112,112,436,112,112,348,112,112,112,448,112,112,112,356,112,112,452,112,112,112,364,112,112,452,112,112,112,364,112,112,372,112,112,112,372,112,112
40,116,116,116,532,116,116,628,116,116,544,116,116,652,116,116,560,116,116,116,640,116,116,548,116,116,528,116,116,532,116,116,548,116,116,116,548,116,116,636,116,116,552,116,116,644,116,116,556,116,116,116,640,116,116,552,116,116,648,116,116,560,116,116
44,116,116,372,116,116,464,116,116,380,116,116,480,116,116,392,116,116,472,116,116,384,116,116,456,116,116,368,116,116,472,116,380,116,116,472,116,116,384,116,116,472,116,116,388,116,116,344,116,116,344,116,116,440,116,116,352,116,116,448,116,116,364,116
48,116,116,564,116,116,652,116,568,116,116,676,116,116,588,116,664,116,116,576,116,116,644,116,556,116,116,660,116,116,576,116,660,116,116,580,116,116,672,116,584,116,116,620,116,116,528,116,628,116,116,540,116,116,652,116,568,116,116,560,116,116,560,116
52,116,116,544,116,640,116,116,556,116,664,116,116,572,116,648,116,116,560,116,632,116,116,544,116,648,116,116,560,116,648,116,564,116,116,656,116,568,116,116,564,116,564,116,116,572,116,576,116,116,684,116,600,116,116,680,116,592,116,116,656,116,572,116
56,112,112,352,112,444,112,360,112,112,368,112,368,112,360,112,364,112,112,436,112,348,112,448,112,112,356,112,452,112,364,112,452,112,112,364,112,460,112,372,112,112,468,112,376,112,392,112,392,112,112,476,112,392,112,460,112,112,376,112,468,112,380,112
60,112,112,560,112,652,112,568,112,676,112,588,112,664,112,576,112,112,644,112,556,112,660,112,572,112,576,112,580,112,672,112,584,112,112,616,112,528,112,620,112,540,112,648,112,564,112,556,112,112,560,112,620,112,536,112,628,112,544,112,664,112,576,112
64,116,564,116,660,116,572,116,680,116,592,116,668,116,580,116,652,116,564,116,668,116,580,116,672,116,588,116,672,116,588,116,624,116,536,116,544,116,548,116,572,116,572,116,652,116,568,116,544,116,540,116,636,116,552,116,672,116,580,116,656,116,568,116
68,116,364,116,460,116,372,116,476,116,388,116,464,116,376,116,452,364,116,460,116,372,116,464,116,380,116,468,116,380,116,476,388,116,484,116,396,116,492,116,408,116,492,116,408,116,476,116,384,396,116,396,116,408,116,412,116,488,116,404,116,516,116,516
72,112,640,112,716,112,632,112,748,652,112,736,112,648,112,720,632,112,724,112,636,112,736,112,648,736,112,652,112,736,112,644,732,112,648,112,760,112,676,112,756,672,112,748,112,664,112,744,656,112,780,112,692,112,680,112,684,496,112,492,112,492,112,492
76,112,568,112,656,112,572,684,112,592,112,668,580,112,564,112,564,668,112,580,112,668,584,112,672,112,588,620,112,532,112,636,548,112,656,112,572,112,652,564,112,628,112,544,636,112,548,112,672,580,112,660,112,568,376,112,380,112,384,388,112,396,112,400
80,116,536,116,548,548,116,640,552,116,640,116,552,620,116,528,636,116,548,116,624,540,116,552,548,116,500,116,504,604,116,516,600,116,516,116,608,520,116,600,512,116,616,116,528,616,116,524,616,116,528,116,668,668,116,660,664,116,688,116,684,672,116,676
84,112,536,112,628,540,112,564,560,112,548,548,112,620,532,112,640,548,112,640,552,112,644,560,112,644,552,112,648,564,112,676,588,112,580,112,580,648,112,560,648,112,564,692,112,600,672,112,588,344,112,348,356,112,356,368,112,368,360,112,364,340,112,344
88,112,528,624,112,540,644,112,556,636,112,548,524,112,528,636,544,112,636,552,112,640,552,112,636,548,112,644,556,112,668,584,660,112,576,636,112,552,644,112,560,592,112,596,580,112,580,344,344,112,352,352,112,364,364,112,356,360,112,340,340,112,352,352
92,116,576,672,116,584,600,604,116,680,592,116,660,572,592,116,592,680,116,596,684,600,116,636,544,116,640,556,668,116,580,660,576,116,636,552,116,644,560,680,116,592,668,116,576,392,392,116,400,400,116,408,412,404,116,404,388,116,388,396,396,116,400,404
96,112,560,648,564,112,672,584,660,112,568,640,552,112,572,572,576,112,576,664,580,112,616,528,624,112,536,648,564,112,640,556,616,112,532,624,540,112,660,572,648,112,560,368,372,112,376,376,388,112,392,384,384,112,368,364,380,112,380,380,384,112,384,388
100,116,544,636,552,116,656,572,644,556,116,628,544,648,116,556,564,564,568,116,568,648,560,116,572,572,680,596,116,676,592,652,568,116,660,576,696,116,608,684,596,356,116,356,364,364,116,376,376,372,372,116,356,356,364,116,364,372,372,372,116,372,380,380
104,116,504,604,520,608,116,520,608,520,588,116,500,604,516,596,508,116,516,516,608,520,116,620,532,616,532,116,624,536,532,532,544,116,544,636,548,632,116,544,636,636,628,116,628,648,652,644,644,116,628,636,632,632,116,648,648,648,652,116,644,640,644,644
108,112,556,652,564,672,584,112,656,572,556,556,660,112,572,664,580,664,580,616,112,524,628,536,648,564,112,644,556,620,536,628,544,112,660,576,652,560,368,112,372,380,380,392,392,112,384,384,368,368,376,380,112,384,388,388,388,348,112,348,352,352,364,364
112,112,560,656,568,680,588,572,576,112,560,560,576,576,664,584,672,112,584,620,532,628,544,652,564,112,648,564,624,540,628,548,672,112,576,652,568,372,376,380,384,112,392,396,388,388,372,372,384,112,384,388,392,392,392,348,352,112,356,356,368,368,368,368
116,116,516,616,528,528,528,528,532,596,508,116,616,524,604,516,528,528,616,532,628,540,116,628,540,632,544,624,540,640,552,640,556,116,640,552,648,648,636,640,660,664,656,116,656,640,640,640,644,656,656,660,660,652,116,652,652,652,684,684,676,680,672,672
120,116,548,640,556,664,572,648,560,636,540,648,560,648,564,656,568,116,652,564,664,572,600,600,592,592,656,572,664,580,700,612,684,116,596,360,360,368,368,380,380,372,372,356,356,368,368,372,372,116,376,376,380,384,384,388,400,400,400,400,380,384,388,392
124,112,564,568,568,680,592,664,576,648,560,668,576,668,580,672,588,620,532,632,540,656,568,652,560,628,540,632,548,580,580,652,568,112,376,380,384,384,400,396,392,392,372,376,384,384,388,388,392,396,352,352,356,360,368,372,368,368,352,352,360,360,372,372
128,532,632,548,632,548,636,548,612,524,632,544,620,536,632,548,588,500,596,508,596,508,600,520,596,508,612,524,524,524,612,524,664,668,656,656,684,680,672,676,660,660,660,664,676,676,676,680,620,624,624,624,652,652,648,648,640,644,632,632,668,668,660,664
132,484,564,484,584,496,576,488,484,480,576,488,584,496,584,500,584,496,592,504,608,528,608,524,508,508,592,504,628,532,528,528,360,360,360,352,356,344,344,356,360,360,360,348,352,344,344,380,380,380,384,372,372,368,372,384,388,384,384,380,380,368,368,512
136,536,628,540,652,564,636,552,620,532,636,552,636,552,640,556,552,560,560,676,588,664,580,644,556,564,564,688,596,672,584,348,356,356,368,368,364,360,344,344,356,356,360,360,364,364,372,372,372,388,388,388,388,372,372,380,380,392,392,384,384,496,500,512
140,572,664,580,688,600,680,588,660,572,676,680,596,680,596,632,540,644,556,580,580,660,636,548,560,560,680,592,668,576,388,388,396,408,408,400,400,384,384,396,396,400,404,400,360,360,368,368,380,380,380,380,364,364,372,384,384,376,376,536,536,552,552,552
144,660,736,648,760,672,756,664,740,744,652,752,668,756,672,704,704,616,732,644,640,644,720,636,712,660,660,744,656,512,512,512,524,524,520,520,508,508,516,516,524,528,528,476,476,484,484,508,504,504,488,488,488,484,512,516,504,392,392,388,388,384,384,372
148,540,636,548,568,568,644,628,536,644,556,648,560,652,560,556,572,568,680,596,676,652,564,660,572,692,680,592,356,356,364,364,376,368,368,352,352,364,364,368,372,372,380,376,384,396,396,396,396,380,380,388,400,400,392,392,504,508,520,520,520,520,520,500
152,488,564,496,504,508,568,560,484,572,500,504,504,508,576,504,588,604,536,600,532,584,588,520,616,544,604,332,328,336,336,348,340,340,328,328,336,336,344,344,344,352,356,356,368,368,368,368,356,364,364,372,372,368,456,456,472,472,468,468,468,452,452,468
156,592,656,588,676,600,596,656,584,664,668,604,672,600,624,624,552,648,576,576,636,568,632,664,592,656,584,468,468,468,480,480,472,464,464,472,472,476,484,480,436,432,440,460,460,456,444,444,440,440,464,456,456,364,364,364,360,360,348,348,360,360,364,352
160,516,592,524,616,600,528,588,604,532,608,536,608,560,488,568,588,520,584,512,496,572,504,600,516,516,360,360,368,376,376,372,356,360,368,368,372,372,372,336,340,340,348,348,352,336,340,344,356,356,348,348,488,500,500,500,496,496,480,480,496,492,492,496
164,496,500,504,592,576,508,568,580,508,512,584,516,584,512,596,616,544,608,588,520,596,624,556,616,336,340,344,344,356,348,348,336,344,344,352,352,352,360,360,364,376,376,376,364,364,368,380,380,372,464,464,476,476,480,476,476,460,476,476,468,476,476,480
168,496,572,500,592,580,508,488,508,508,580,512,512,584,592,520,612,604,536,588,592,524,620,608,536,336,344,344,352,344,348,336,344,344,348,348,348,360,360,360,372,376,372,360,360,368,376,376,368,464,464,480,476,480,472,456,456,476,464,468,472,480,480,488
172,600,664,684,612,676,592,596,668,676,608,680,628,560,560,656,588,652,648,576,644,672,600,668,476,476,476,488,488,484,476,476,480,492,488,492,440,444,448,472,468,468,452,456,452,476,476,468,372,376,372,368,368,356,372,372,372,364,364,360,344,344,348,336
176,524,600,620,548,608,592,520,536,608,540,612,564,492,576,524,592,520,572,508,508,604,596,520,368,376,376,384,376,376,364,372,376,376,380,340,344,344,356,356,356,340,344,352,360,360,352,492,508,508,504,500,504,488,504,504,496,504,504,460,472,472,476,476
180,484,560,576,508,564,552,480,568,568,572,504,572,580,508,532,524,524,580,580,540,540,600,328,324,328,344,344,336,320,332,332,336,340,340,348,348,364,364,360,348,348,356,368,364,360,452,464,464,464,460,464,444,460,464,452,464,468,468,476,476,480,480,476
184,484,560,580,508,496,556,564,496,568,572,504,496,580,600,532,596,576,504,580,612,600,528,324,332,332,344,336,320,320,328,332,336,340,348,352,352,364,360,348,348,356,364,364,360,452,464,464,464,460,464,444,464,456,456,460,468,468,476,480,480,480,476,488
188,524,604,620,548,608,592,612,536,612,544,564,496,500,596,588,520,568,576,508,604,592,368,368,372,384,376,380,364,372,376,376,380,340,344,344,356,356,356,340,348,360,360,352,496,508,508,508,504,504,488,504,496,496,504,460,468,472,472,476,468,472,484,480
192,508,584,604,592,520,576,592,592,524,596,476,560,488,580,500,552,484,560,516,576,504,352,356,368,368,360,348,356,360,360,364,328,328,328,340,340,340,324,332,344,344,336,476,492,492,492,488,472,472,484,480,488,488,448,456,456,456,460,452,468,468,464,464
196,572,640,660,652,580,640,644,652,584,656,652,656,584,680,676,600,664,596,692,612,448,452,448,464,456,456,448,452,460,464,464,464,472,492,492,488,476,476,476,500,492,348,348,344,344,332,332,344,344,340,332,336,368,368,360,360,360,372,372,372,368,356,476
200,492,500,588,572,504,564,576,576,580,512,580,592,608,540,608,584,524,624,552,608,332,340,340,352,344,332,340,340,344,348,356,360,364,372,372,360,360,364,376,368,460,460,476,472,472,472,456,468,464,472,472,476,488,488,488,492,488,500,500,500,500,572,568
204,464,532,548,544,472,536,468,548,548,480,504,508,528,524,456,512,508,536,528,456,360,360,356,344,348,360,360,352,348,348,332,336,328,324,324,336,336,336,320,324,488,480,488,472,472,484,480,472,476,476,456,456,444,444,448,468,464,460,452,452,640,628,640
208,480,544,560,548,476,476,548,492,556,508,448,460,532,528,516,516,464,544,532,344,348,348,356,352,340,348,348,352,356,320,320,328,328,332,320,324,336,336,328,452,464,464,464,460,448,460,456,464,464,424,432,428,436,436,432,440,440,440,440,552,544,560,552
212,424,480,496,488,480,420,488,432,436,500,508,444,464,516,504,508,528,468,520,336,332,332,320,320,332,332,324,324,356,356,356,348,344,356,360,356,356,344,444,436,440,440,432,436,436,432,436,432,456,456,456,452,452,468,460,464,456,576,576,568,572,580,576
216,464,464,540,536,520,536,472,536,536,540,552,564,508,560,544,548,512,504,328,328,332,344,336,324,332,332,336,336,348,356,364,360,360,352,356,364,356,440,440,448,448,444,432,444,448,436,444,456,464,460,464,464,464,472,472,472,536,536,528,544,540,528,532
220,448,504,516,452,500,508,512,456,516,476,480,492,492,484,420,480,500,496,356,356,352,356,340,352,356,348,344,328,328,328,324,320,332,332,328,328,316,468,460,464,452,460,460,460,456,452,432,432,428,428,424,444,436,440,428,600,600,588,596,604,600,580,600
224,484,548,568,488,480,556,556,500,500,516,524,540,536,516,524,548,492,540,348,356,364,356,344,356,356,356,360,324,324,336,336,324,324,328,340,332,460,472,468,468,468,452,468,460,468,428,436,436,436,440,436,448,444,444,556,552,552,568,560,552,552,560,564
228,464,528,484,532,520,536,536,540,480,484,552,568,564,548,496,576,568,328,328,336,344,336,328,332,336,340,352,352,356,364,364,352,360,368,364,440,440,448,448,448,436,444,440,448,456,456,464,464,468,468,476,476,472,536,536,528,548,540,532,532,544,544,544
232,452,516,532,520,508,520,524,524,528,536,476,556,548,472,480,564,552,316,320,328,324,324,312,320,324,328,336,340,348,348,340,344,344,352,348,424,436,440,432,416,436,428,428,436,440,448,448,452,448,460,460,460,520,524,512,532,528,516,516,528,532,532,532
236,488,492,564,556,544,556,556,560,516,524,540,536,480,520,528,552,480,352,356,364,360,348,356,360,360,364,324,328,336,340,328,332,344,336,460,472,472,468,472,456,468,464,472,428,440,440,444,440,452,452,448,448,556,552,568,564,552,552,564,568,520,520,540
240,480,540,496,544,532,548,548,548,508,512,532,524,512,512,480,532,472,344,348,356,348,336,348,348,352,316,316,328,328,316,320,332,332,324,452,464,464,460,444,460,452,460,420,428,428,432,428,440,440,436,436,548,544,560,552,540,544,552,560,512,508,532,528
244,456,520,536,524,512,528,468,532,472,480,556,552,536,540,568,556,320,324,332,328,316,316,324,328,332,340,344,356,352,344,348,356,352,428,444,440,436,424,440,428,440,448,448,452,456,456,452,464,464,460,528,520,536,532,520,524,532,536,536,536,560,556,548
248,452,516,532,520,512,524,524,524,532,540,496,492,536,544,568,556,316,320,332,324,316,324,324,328,340,344,352,352,340,348,356,348,348,428,436,440,436,424,436,432,432,444,452,452,456,452,464,464,460,524,516,532,528,520,520,528,536,532,536,556,552,552,544
252,456,508,524,520,508,516,520,524,484,488,444,496,484,488,508,444,364,364,360,348,360,364,352,352,340,336,332,328,340,340,336,324,472,472,472,464,468,468,460,464,440,436,436,436,452,448,448,436,604,596,604,612,612,588,608,600,572,560,580,584,580,572,588
256,544,564,552,540,552,552,560,452,524,536,532,520,520,552,536,348,352,364,356,344,352,356,356,320,324,336,336,324,328,336,332,456,468,464,464,452,468,460,464,424,436,432,440,436,444,444,444,552,548,564,556,548,548,560,564,516,516,536,536,532,528,552,544
