1440
1612
1584
1416
1512
1308
1816
1472
1384
1604
1508
940
1684
776
1408
1520
1524
900
1396
636
844
1360
1680
1512
1496
744
1408
1420
1336
1084
1376
976
1536
1440
1036
1400
1516
732
1016
860
1396
1368
1404
1416
876
768
860
808
1584
1744
1376
1036
864
944
1428
1568
872
876
748
1472
1468
764
760
864
872
1000
760
1632
1652
896
1524
772
1392
1516
964
772
856
1264
796
1540
980
868
748
1124
868
1304
748
764
816
1396
784
1072
856
772
808
840
1000
1512
884
1452
840
940
948
768
992
1280
748
904
1472
884
740
1288
868
1424
944
900
1496
816
744
832
1460
1548
884
1380
860
1004
856
968
836
944
772
856
920
764
848
1384
852
940
980
848
876
740
1012
868
1112
996
744
1024
836
748
1000
868
988
764
624
936
740
988
764
768
1060
1160
848
808
980
856
748
876
944
780
856
892
944
936
884
916
776
740
964
988
856
832
1420
928
868
896
632
1052
884
1388
752
932
988
748
840
856
996
884
840
1012
756
848
736
856
884
1344
876
1448
884
860
760
748
952
756
740
744
860
756
900
852
852
892
840
1016
624
1016
740
1020
1060
868
868
1236
972
1012
880
776
884
856
792
1144
776
748
880
860
816
1276
860
980
916
880
836
836
892
932
856
740
780
880
880
884
772
852
760
824
948
812
860
764
1504
960
924
956
856
1000
948
1012
1020
860
916
812
940
832
848
1000
1048
864
864
1096
860
744
984
1532
772
860
856
844
768
880
948
752
844
980
928
960
864
768
852
908
748
756
776
756
892
868
924
940
872
880
960
848
744
888
1020
960
996
952
988
744
948
864
860
976
988
756
868
912
1032
748
712
916
776
852
960
968
756
1068
936
632
976
968
880
860
760
868
764
956
788
872
1180
840
992
872
852
872
840
868
1340
852
992
852
748
996
792
840
1020
836
772
936
952
744
908
992
744
740
864
1080
740
764
768
868
848
916
832
992
740
1048
972
844
760
1008
1080
872
880
752
776
840
744
1060
772
1044
900
860
972
988
1000
760
872
796
720
852
776
976
772
764
756
944
1176
1016
748
1004
776
952
840
1120
856
1000
864
976
972
984
884
884
924
776
884
800
872
880
988
1004
872
884
868
748
764
744
740
648
772
848
780
836
984
944
868
1016
1004
944
764
1032
888
760
876
980
880
1000
736
1024
892
996
980
884
808
908
1052
820
848
788
852
768
748
764
904
976
996
768
872
748
900
860
772
904
772
760
952
1012
844
988
944
852
760
756
1012
880
952
996
740
772
688
864
1000
948
856
900
736
1048
852
616
868
840
784
948
848
952
880
1004
752
1176
748
916
776
940
936
840
884
1168
736
840
772
868
840
880
788
768
772
872
768
852
928
740
940
760
1172
928
644
812
860
1000
872
992
872
840
884
756
880
856
1004
924
892
884
876
784
1016
620
876
772
984
860
892
876
884
732
740
748
1012
748
920
748
872
748
844
808
900
840
640
884
840
760
912
768
908
756
1016
952
852
760
860
764
856
796
948
872
944
872
1188
988
764
940
740
768
744
768
872
900
832
884
1016
952
1028
892
988
740
768
840
740
768
844
848
924
960
812
740
844
988
916
828
1032
940
868
772
880
772
856
728
856
856
900
776
940
996
848
912
624
776
1004
948
904
724
952
960
740
856
844
880
876
844
860
980
868
768
720
740
892
876
1236
868
1160
1012
860
652
960
980
852
836
1000
984
736
884
752
876
1044
900
776
1004
876
736
996
880
880
948
952
936
844
916
940
992
740
932
856
808
1020
984
748
876
1016
948
848
940
956
752
1004
920
932
848
764
848
836
1148
740
872
752
768
860
936
1092
868
652
824
880
852
968
872
732
776
748
860
848
768
880
976
1044
752
892
852
848
820
960
744
848
848
896
944
880
740
932
744
872
1004
992
744
988
972
952
748
872
860
776
872
848
748
856
856
876
860
996
916
868
848
1012
940
956
860
776
852
856
912
1100
780
832
972
904
996
616
856
748
904
880
864
864
860
840
760
796
856
928
988
896
856
968
744
896
968
768
936
988
856
756
816
856
888
876
992
920
988
864
920
1016
768
940
772
860
980
880
836
840
992
988
1172
860
840
776
728
992
888
652
972
1020
876
856
872
872
912
952
876
1256
996
952
964
840
924
828
772
768
888
884
836
1028
872
740
992
976
932
904
812
804
992
916
856
864
968
956
608
892
884
872
848
892
768
1240
908
856
856
848
916
872
948
904
832
848
856
808
780
884
748
744
756
748
1012
1004
892
836
948
752
948
916
916
860
956
628
652
972
964
1080
924
880
868
776
872
864
760
776
960
1016
744
748
996
884
840
992
1196
912
892
924
880
856
884
880
968
960
772
772
756
840
896
764
740
844
1104
744
836
744
848
848
860
860
812
848
764
952
740
868
868
852
988
740
852
956
1016
884
1024
1052
740
756
1012
912
972
724
992
748
1012
1032
996
892
868
984
848
1000
752
888
1108
936
920
728
872
1044
780
924
892
920
864
852
744
852
828
872
956
772
884
844
1028
992
632
860
924
916
992
748
868
832
852
984
764
740
876
936
724
748
996
988
992
1004
764
960
948
1228
756
764
1004
776
732
768
940
896
1020
840
984
872
948
992
772
868
848
852
916
884
1000
1032
972
748
880
900
964
840
732
988
884
1092
776
1004
940
736
840
868
740
856
988
864
892
764
888
1072
952
848
860
856
1092
868
848
776
844
844
752
836
780
988
868
872
1040
740
868
992
952
1228
760
764
900
1012
876
900
916
736
884
752
996
864
932
916
868
776
864
776
872
940
840
868
984
956
984
860
740
884
884
780
872
848
976
1312
748
764
1012
640
912
740
912
948
876
848
844
992
872
980
860
896
892
864
888
616
764
860
632
736
980
880
756
752
1024
940
960
872
868
860
968
828
972
976
956
892
848
984
952
976
760
888
760
992
880
880
952
880
932
856
904
972
992
980
752
1092
844
908
984
872
880
1016
892
992
888
912
748
880
940
952
856
844
852
836
844
848
748
872
840
768
804
840
856
828
896
1016
1012
892
1276
976
740
928
744
1020
748
892
920
852
840
832
1020
752
856
876
924
784
948
1016
884
880
992
988
896
884
912
868
772
848
964
972
764
776
1032
1144
840
752
928
860
916
948
988
812
892
856
760
832
908
908
1100
1092
832
856
748
740
872
992
972
1260
908
872
916
860
772
856
888
912
812
748
840
752
940
840
1016
980
980
964
752
748
868
740
864
1012
848
952
880
888
856
956
852
848
856
1028
904
876
724
860
828
768
896
880
1072
844
848
728
896
776
880
912
908
1116
980
764
884
848
844
864
740
924
908
980
884
780
972
896
1016
836
860
888
840
896
876
864
920
856
648
836
748
880
844
876
760
888
644
1000
864
896
892
1088
1012
876
1048
1200
876
880
1032
840
872
748
748
988
1004
780
1060
976
916
976
856
1376
924
736
952
956
644
756
872
924
984
1012
752
992
840
992
860
856
836
736
908
812
872
996
944
848
848
1220
980
848
848
1008
872
844
1028
988
888
876
868
956
828
924
756
844
1020
752
876
840
976
836
980
896
1012
1016
780
836
772
948
852
1012
984
876
768
940
972
772
864
776
992
996
856
992
944
868
844
880
776
904
800
740
892
884
996
884
984
860
756
956
752
900
908
924
844
972
836
728
940
872
860
856
884
884
952
860
912
768
1008
928
984
748
944
748
860
832
920
864
984
812
928
880
848
1008
868
1084
956
772
980
880
852
644
872
948
988
868
880
736
748
1048
804
992
868
936
636
756
940
872
724
748
920
1224
884
880
936
948
744
1008
884
1144
856
720
764
896
752
880
860
936
976
884
856
800
900
836
892
856
972
896
952
924
860
888
872
964
880
820
844
648
768
748
812
956
868
992
1000
748
864
1020
1004
1012
740
876
780
848
844
792
868
988
760
940
788
956
864
776
748
860
1032
916
748
1060
908
740
992
1020
740
892
980
732
888
860
876
936
752
744
772
880
1012
868
992
864
748
844
776
844
1040
808
864
968
852
992
884
924
828
768
932
908
952
772
932
840
872
936
776
1008
924
912
952
840
960
904
928
976
880
1012
904
972
836
872
1024
960
772
900
984
928
996
876
1008
1020
980
772
900
1056
828
752
936
748
972
772
952
916
884
976
868
872
952
836
776
848
872
880
880
904
948
912
844
876
860
764
868
856
836
1068
964
780
848
900
980
844
748
1092
864
948
860
916
888
1008
892
776
1040
772
852
1016
852
880
988
760
872
952
944
848
856
944
860
872
848
740
880
872
756
876
724
644
1068
840
752
756
724
868
940
952
872
896
740
868
900
928
848
856
772
844
744
772
872
856
744
964
772
860
928
996
852
840
1004
860
916
844
888
756
1060
980
760
940
748
992
952
860
1004
884
912
1148
800
896
928
848
976
848
952
752
1088
972
872
896
952
840
864
720
732
980
936
952
976
1340
876
848
916
876
1008
880
900
1208
900
852
1008
968
864
880
872
896
764
892
872
760
876
868
752
884
892
996
848
860
700
628
872
908
836
972
840
852
804
828
912
884
764
984
876
1028
980
740
976
880
780
620
868
748
964
924
748
876
932
772
988
852
980
740
992
868
860
984
872
928
732
972
952
1012
988
928
936
988
744
992
804
856
992
768
776
748
796
948
936
740
896
872
1004
736
864
852
880
840
988
772
884
872
632
868
760
972
852
868
948
976
740
992
876
768
852
928
1020
772
864
860
948
996
876
904
748
844
840
768
852
916
868
832
1120
844
864
960
984
912
880
832
964
1212
740
752
772
876
840
964
836
964
1064
736
756
988
924
884
772
924
936
836
948
908
868
772
936
880
768
1152
760
976
992
768
920
952
944
952
1028
772
848
972
1020
904
