1168
1220
1572
1544
1456
1532
1504
1456
1460
1564
1992
1188
1480
1524
2024
948
1568
1216
1552
1104
1180
1420
608
640
1164
1484
1472
684
1084
736
1476
944
1300
712
1196
1260
1184
684
1784
1236
688
1436
1176
992
684
1200
1488
636
712
2020
684
652
860
1192
744
1136
1180
1120
1224
684
708
648
1172
664
960
1248
680
684
1576
684
596
656
660
672
684
712
1840
1252
768
1016
652
744
736
1224
684
1196
748
676
1456
684
660
652
1180
736
1164
680
1264
652
1488
652
672
640
892
648
1188
1220
1444
680
680
748
648
584
1496
644
680
1352
660
668
680
1108
760
680
1416
668
684
708
1216
980
692
652
672
736
712
552
680
684
748
744
900
692
1244
696
644
688
656
664
684
656
680
1312
688
648
748
1592
684
656
684
748
748
636
664
740
652
688
1476
700
648
684
968
1240
636
640
680
1312
652
1448
680
764
860
1024
644
1456
700
648
680
648
716
644
612
588
652
668
712
640
784
1032
704
748
684
724
684
656
684
1036
672
656
664
648
704
648
924
1064
744
656
704
680
744
552
664
672
652
680
652
680
704
640
1372
748
720
1224
704
708
660
1220
680
668
660
680
692
744
684
640
680
700
652
652
688
724
648
672
800
652
680
692
1216
612
648
640
676
648
652
652
672
672
680
708
672
748
672
692
560
936
712
748
684
648
1168
692
656
648
716
736
688
708
664
684
644
1412
684
1296
736
976
552
684
976
668
648
728
676
984
672
736
664
712
676
568
680
1200
648
1412
660
736
680
680
1112
680
1412
700
672
704
680
708
648
684
648
672
688
688
648
684
708
652
744
680
736
716
652
768
736
688
652
684
700
708
648
684
680
724
676
748
716
736
716
680
744
1020
652
748
644
704
736
644
644
656
700
684
640
700
680
708
708
708
764
664
704
704
648
544
676
680
1280
644
676
696
652
660
692
836
688
552
652
696
720
652
764
652
684
680
672
700
904
684
748
668
656
708
716
668
1072
648
712
652
676
640
700
648
644
648
704
644
712
712
712
712
648
672
568
744
684
1040
700
680
708
660
708
744
708
652
640
648
640
1424
736
652
676
644
696
668
700
1300
744
668
764
664
708
684
652
692
604
652
580
684
668
704
676
688
664
720
660
704
712
712
688
680
1024
692
680
764
764
672
696
712
724
748
680
652
1092
1004
672
744
680
680
740
680
664
1072
708
1380
684
664
688
732
660
732
664
1280
684
716
640
692
652
640
660
1008
680
672
708
688
1180
700
684
688
680
640
736
696
736
680
668
1116
644
748
1348
668
692
648
664
660
640
692
644
716
696
668
744
696
680
740
752
692
1184
648
748
672
560
704
644
932
1040
688
1528
680
656
700
660
1076
652
716
652
652
664
684
648
692
684
592
1248
716
644
744
676
680
664
676
1068
652
680
652
732
736
704
680
736
656
652
672
692
652
648
676
680
684
556
704
716
652
700
740
700
652
680
680
684
684
684
704
680
656
1200
732
748
680
712
680
712
652
664
704
656
748
1000
708
692
664
664
672
644
652
744
680
692
648
700
688
660
764
684
676
600
680
744
1084
704
732
648
744
652
684
764
660
716
644
680
732
708
712
680
680
660
688
672
680
684
1036
672
656
700
692
684
684
644
1208
652
552
660
680
672
652
712
656
648
684
644
672
652
684
692
864
712
644
692
652
680
668
688
704
648
644
736
672
716
688
652
680
872
1028
764
680
756
676
672
1416
652
644
704
680
688
712
700
684
672
652
684
676
680
636
712
672
740
652
744
680
664
712
560
680
1268
748
652
684
992
680
676
736
652
684
648
692
1148
716
748
656
776
1036
748
704
724
680
704
656
640
672
664
648
1124
660
672
740
644
616
652
704
548
592
688
732
652
680
1140
700
668
636
688
684
668
652
668
680
764
728
688
668
648
1168
1032
736
736
712
652
680
652
652
688
684
672
648
656
660
640
1312
672
696
704
680
656
684
732
684
644
672
692
668
684
640
716
748
640
1228
560
740
1156
684
652
652
736
752
640
556
684
720
656
672
684
1304
648
664
748
708
692
708
644
1072
688
708
688
664
692
652
648
712
744
660
988
688
708
684
688
684
684
760
648
592
664
688
1308
664
740
660
1152
588
700
648
680
688
684
740
708
720
684
684
672
748
684
704
736
664
664
560
588
652
680
680
700
1472
648
684
728
720
672
636
652
984
740
712
644
708
692
664
652
664
648
652
716
1288
676
696
644
652
648
644
652
732
680
640
640
748
672
652
708
652
960
712
740
692
688
644
684
668
684
1408
712
572
900
680
684
680
652
668
684
712
1192
684
768
1368
1044
700
696
680
680
736
664
648
676
688
652
684
680
644
700
684
688
744
748
736
648
660
644
692
680
640
680
640
668
692
680
684
660
608
1012
668
764
680
692
680
700
744
680
660
680
948
708
684
644
656
1188
720
652
728
600
664
556
980
736
680
684
684
692
668
684
704
672
692
684
672
688
684
560
684
660
708
676
680
736
652
684
636
740
748
652
744
736
644
692
704
652
672
688
684
708
648
656
648
560
680
652
720
636
688
1336
668
652
684
680
1004
672
748
648
684
652
740
692
704
652
744
652
656
652
684
688
1520
704
672
692
744
652
644
700
704
684
672
720
664
692
684
600
664
688
704
736
972
692
692
712
660
672
696
708
664
736
716
700
672
692
660
704
636
560
664
700
684
660
1216
732
640
668
644
660
692
696
1156
664
672
804
676
692
664
664
1048
704
704
736
660
612
680
656
744
720
708
672
672
684
708
672
752
652
668
672
824
684
672
688
664
1072
660
740
692
660
656
672
744
652
744
648
552
748
652
688
700
720
640
732
652
652
644
664
692
684
712
732
680
680
680
688
640
744
664
652
676
680
652
568
660
712
656
720
648
652
688
968
692
700
636
764
644
684
668
740
648
692
648
648
660
712
692
652
740
736
648
704
700
1056
680
644
652
716
704
732
656
664
720
748
1060
664
676
664
860
640
648
680
1096
668
696
680
668
640
496
688
648
548
680
656
692
928
692
640
692
1008
664
668
664
636
588
652
700
716
652
660
648
660
748
672
656
764
908
556
680
684
696
640
728
716
732
664
696
588
688
748
692
660
616
1132
668
648
684
728
716
672
676
1160
640
676
652
676
1144
572
716
688
640
700
748
652
584
692
556
736
768
692
680
740
740
620
696
716
704
660
672
672
960
660
740
748
680
664
644
688
1036
700
640
680
664
728
652
652
640
748
688
572
748
888
680
684
736
672
680
712
716
672
640
652
672
660
676
716
668
1416
684
704
664
672
652
712
720
1156
692
684
648
652
700
640
680
680
660
736
652
668
680
648
740
680
552
680
692
700
648
680
684
764
652
868
680
648
688
664
680
716
680
664
680
764
732
680
684
676
680
1420
648
652
740
704
652
708
640
1000
648
652
684
672
704
652
580
1336
708
652
680
652
652
704
644
652
736
652
680
692
648
1024
664
672
708
640
688
620
652
652
692
652
684
676
712
644
644
652
720
692
648
1248
668
644
688
688
1000
700
648
696
736
668
1476
1052
648
644
888
648
644
640
640
680
664
692
660
644
660
552
1452
704
640
680
684
652
640
572
708
652
680
652
616
768
736
712
548
684
1512
648
672
684
668
752
660
648
692
664
684
740
636
660
560
664
704
640
696
668
680
680
672
664
644
664
840
660
696
680
696
664
684
708
676
716
648
688
652
684
668
660
660
652
744
700
904
644
640
684
688
680
644
680
1236
716
684
664
672
696
648
640
1028
648
672
648
768
1208
668
1728
612
684
656
708
744
656
576
712
644
652
744
668
652
772
764
1304
652
652
728
672
668
680
680
588
700
652
708
712
652
672
664
688
668
688
648
744
648
692
664
672
1404
744
680
744
648
692
696
660
1232
736
688
668
684
692
716
688
572
748
608
744
664
712
688
728
700
640
648
712
692
700
636
696
744
1200
664
680
764
736
656
684
708
852
736
648
712
808
648
676
748
700
708
648
680
680
640
764
708
1308
664
708
668
700
680
676
692
1280
668
660
1456
680
664
552
680
652
672
716
676
708
640
744
736
684
712
680
656
684
1196
684
656
748
708
648
720
640
708
748
652
712
680
672
672
684
676
704
720
736
652
664
736
692
572
684
660
640
1264
652
684
712
1104
680
652
584
836
672
688
672
672
672
672
744
684
740
644
688
672
708
680
692
744
728
648
652
684
780
1040
648
736
660
700
684
664
688
708
768
684
672
644
736
744
652
1436
648
736
684
672
712
660
800
740
692
720
720
652
672
688
692
684
708
664
664
828
720
660
640
768
712
656
672
1084
660
584
680
652
744
672
712
1188
652
696
740
736
708
668
704
672
688
728
732
700
1136
684
1392
680
708
688
544
648
592
684
680
708
680
744
1396
1040
696
716
744
652
684
732
672
668
672
752
984
676
708
648
592
680
688
744
672
600
644
660
672
736
700
684
680
1016
640
700
692
664
652
708
652
568
720
672
612
652
748
560
684
692
1104
636
716
708
640
680
688
740
680
680
708
572
692
664
864
712
740
696
648
672
768
656
676
700
600
732
688
744
768
684
652
640
664
680
680
748
684
748
644
504
648
644
684
564
684
664
552
940
684
676
668
684
672
664
652
732
644
760
684
708
652
680
652
748
684
704
652
680
652
712
660
680
1264
664
680
652
668
684
708
640
684
680
720
688
744
784
684
716
1368
716
748
684
716
680
652
712
668
664
688
692
1300
652
684
744
688
596
740
680
1152
592
692
744
912
644
688
652
1228
596
668
696
748
744
672
684
712
664
708
672
1076
