4,1008,48,568,48,800,48,48,632,48,48,48,48,48,48,48,48,48,48,48,48,484,48,48,48,48,48,48,48,48,48,48,48,48,48,48,48,484,48,48,48,48,48,48,48,48,48,48,48,48,48,48,48,484,48,48,48,48,48,48,48,48,48,48,48,48,48,48,48,1168,48,48,48,48,48,48,48,48,48,48,48,48,48,48,48,456,48,48,48,48,48,48,48,48,48,48,48,48,48,48,48,456,48,48,48,48,48,48,48,48,48,48,48,48,48,48,48,452,48,48,48,48,48,48,48,48,48,48,48
8,1024,48,1064,48,680,48,48,620,48,48,452,48,48,48,48,48,48,48,452,48,48,48,48,48,48,48,452,48,48,48,48,48,48,48,908,48,48,48,48,48,48,48,484,48,48,48,48,48,48,48,484,48,48,48,48,48,48,48,484,48,48,48,48,48,48,48,468,48,48,48,48,48,48,48,468,48,48,48,48,48,48,48,468,48,48,48,48,48,48,48,468,48,48,48,48,48,48,48,880,48,48,48,48,48,48,48,484,48,48,48,48,48,48,48,484,48,48,48,48,48,48,48,484,48,48,48,48,48
12,976,48,1164,48,680,48,48,620,48,48,48,48,480,48,48,48,48,48,484,48,48,48,48,876,48,48,48,48,452,48,48,48,48,48,452,48,48,48,48,452,48,48,48,48,496,48,48,48,48,48,492,48,48,48,48,492,48,48,48,48,496,48,48,48,48,48,768,48,48,48,48,456,48,48,48,48,456,48,48,48,48,48,456,48,48,48,48,796,48,48,48,48,484,48,48,48,48,48,484,48,48,48,48,484,48,48,48,48,892,48,48,48,48,48,480,48,48,48,48,452,48,48,48,48,452,48,48,48
16,1000,860,48,48,684,448,48,352,48,448,48,48,48,448,48,48,48,904,48,48,48,480,48,48,48,480,48,48,48,480,48,48,48,460,48,48,48,464,48,48,48,464,48,48,48,460,48,48,48,792,48,48,48,480,48,48,48,480,48,48,48,480,48,48,48,760,48,48,48,448,48,48,48,448,48,48,48,448,48,48,48,916,48,48,48,480,48,48,48,480,48,48,48,480,48,48,48,728,48,48,48,448,48,48,48,448,48,48,48,448,48,48,48,876,48,48,48,476,48,48,48,476,48,48,48,476,48,48
20,960,912,48,48,692,48,48,620,496,48,48,496,48,48,1332,48,48,464,48,48,464,48,48,48,464,48,48,484,48,48,484,48,48,484,48,48,484,48,48,48,752,48,48,444,48,48,444,48,48,444,48,48,800,48,48,48,492,48,48,488,48,48,492,48,48,900,48,48,464,48,48,48,464,48,48,464,48,48,744,48,48,472,48,48,472,48,48,48,472,48,48,840,48,48,440,48,48,440,48,48,436,48,48,48,816,48,48,492,48,48,492,48,48,492,48,48,872,48,48,48,452,48,48,456,48,48,456,48
24,976,1416,48,48,668,48,460,220,48,460,48,48,908,48,500,48,48,488,48,48,488,48,1120,48,48,448,48,48,448,48,448,48,48,1188,48,48,468,48,468,48,48,468,48,48,768,48,468,48,48,460,48,48,456,48,928,48,48,500,48,48,500,48,620,48,48,716,48,48,440,48,436,48,48,436,48,48,868,48,480,48,48,468,48,48,468,48,788,48,48,460,48,48,460,48,472,48,48,900,48,48,480,48,480,48,48,480,48,48,1428,48,460,48,48,436,48,48,440,48,1428,48,48,472,48,48,472,48,484,48
28,1000,916,48,500,324,48,500,48,512,48,896,48,484,48,48,472,48,484,48,744,48,48,492,48,496,48,504,48,1392,48,48,452,48,452,48,464,48,48,812,48,508,48,500,48,512,48,48,912,48,484,48,472,48,48,472,48,760,48,492,48,480,48,48,480,48,844,48,456,48,48,448,48,456,48,824,48,512,48,48,500,48,512,48,876,48,48,460,48,460,48,472,48,760,48,48,476,48,480,48,488,48,48,844,48,464,48,448,48,512,48,48,796,48,500,48,492,48,48,488,48,884,48,472,48,460,48,48,460
32,1012,848,48,464,540,464,48,464,48,912,48,504,48,488,48,504,48,452,48,460,48,452,48,540,48,780,48,480,48,468,48,496,48,772,48,472,48,460,48,516,48,928,48,504,48,492,48,504,48,720,48,456,48,440,48,540,48,872,48,480,48,472,48,516,48,788,48,476,48,464,48,528,48,904,48,496,48,484,48,488,48,1048,48,464,48,440,48,580,48,1652,48,488,48,476,48,504,48,760,48,464,48,452,48,560,48,908,48,492,48,480,48,496,48,724,48,448,48,448,48,576,48,920,48,512,48,504,48,512
36,1020,904,48,492,444,48,492,48,888,48,472,48,460,724,48,504,48,1208,48,500,652,48,772,48,472,48,460,48,524,804,48,500,48,492,48,500,900,48,472,48,460,48,512,48,784,624,48,488,48,496,48,860,640,48,460,48,528,48,812,48,500,444,48,492,48,860,48,460,400,48,448,48,768,48,496,48,484,648,48,1148,48,476,48,464,668,48,784,48,492,48,480,48,492,872,48,460,48,448,48,540,776,48,504,48,492,48,504,48,912,628,48,488,48,520,48,796,648,48,480,48,516,48,876,48,468,404,48,456
40,904,764,640,48,452,48,532,908,48,492,432,48,484,48,464,624,48,464,708,48,1292,48,496,432,48,484,760,48,460,48,452,720,48,924,624,48,484,48,532,732,48,468,404,48,456,48,884,644,48,480,696,48,776,48,464,404,48,452,796,48,484,48,472,672,48,736,640,48,452,48,536,880,48,496,436,48,484,48,744,636,48,440,716,48,892,48,484,424,48,472,732,48,464,48,452,692,48,928,620,48,508,48,520,744,48,448,392,48,436,48,896,620,48,472,704,48,788,48,496,432,48,484,884,48,500,48,488,636
44,988,900,640,48,488,488,48,880,616,48,456,724,496,48,508,472,48,496,976,48,468,408,48,456,796,48,496,436,484,48,888,624,48,456,708,48,760,620,48,484,696,48,852,636,404,48,456,776,48,496,440,48,488,860,48,444,400,48,444,768,640,48,484,692,48,1080,624,48,460,716,48,788,632,48,480,696,872,48,448,408,48,444,772,48,500,440,48,488,1008,48,496,440,488,48,784,640,48,472,688,48,868,628,48,448,732,48,816,640,552,48,516,548,48,800,464,48,476,516,48,488,428,48,476,572,632,48,472,688
48,1012,868,644,404,280,456,908,628,48,480,700,468,48,476,416,464,48,796,628,436,48,484,760,636,48,448,708,920,48,496,436,484,48,732,624,404,48,452,876,632,48,480,668,736,48,460,400,452,48,884,620,424,48,472,732,636,48,452,704,880,48,496,436,484,48,748,636,392,48,444,1188,624,48,472,688,736,48,468,408,456,48,932,628,464,48,516,844,624,48,440,728,1084,48,488,428,476,48,788,648,436,48,484,572,640,48,488,676,1124,48,456,396,444,48,1384,624,472,48,504,480,960,48,460,624,896,48,504,444,492
52,972,912,640,448,500,48,892,624,420,468,48,488,624,440,488,48,756,616,408,444,972,48,508,472,496,1332,48,476,416,468,752,48,484,428,476,836,636,48,440,720,1228,624,48,496,676,1020,624,48,456,700,756,640,424,48,476,760,616,404,48,448,1120,620,436,48,488,1272,628,408,456,48,756,632,432,480,48,896,632,428,476,48,1256,624,436,484,1484,48,472,412,464,812,48,516,480,508,536,48,464,404,452,528,624,48,488,696,584,620,48,488,696,500,960,48,484,620,860,632,404,48,452,844,628,544,48,516,880,620,412,48
56,992,880,636,416,464,916,628,48,492,684,452,624,408,452,784,48,484,424,472,772,636,412,464,48,924,620,444,492,716,624,400,48,440,868,632,420,472,788,636,48,464,692,900,624,432,484,704,48,448,388,440,868,628,428,476,48,756,640,404,456,904,628,432,48,480,724,632,396,448,924,632,48,504,684,768,644,404,456,912,48,496,440,488,772,640,420,472,48,564,636,432,480,496,624,408,48,544,608,624,460,512,468,960,48,448,620,884,636,432,484,808,48,492,432,480,908,620,436,488,48,736,628,400,452,880,640,432,48
60,1004,912,640,476,504,896,628,428,476,496,628,448,496,48,764,628,404,456,816,640,480,504,916,628,424,476,764,628,436,48,484,852,632,404,452,832,648,484,508,888,624,416,464,772,648,48,484,708,852,640,408,528,800,644,448,496,888,628,416,468,764,48,496,436,584,900,628,432,484,800,644,440,492,888,624,416,468,48,816,640,544,512,540,636,412,460,548,624,448,496,592,628,448,48,496,508,956,492,628,868,640,416,468,852,632,560,524,896,632,48,472,732,784,640,448,496,868,632,416,464,812,632,452,504,908,48,488,428
64,896,780,636,412,464,916,628,444,492,456,628,408,452,784,628,424,472,772,640,412,464,1212,628,444,492,720,628,396,440,872,644,424,472,792,644,416,464,904,632,432,484,724,648,396,444,1360,476,428,476,756,644,404,452,904,632,432,484,1124,444,392,444,920,640,452,500,760,640,400,452,904,628,436,484,772,640,420,468,876,636,428,476,760,624,408,456,956,628,464,512,728,644,400,448,884,640,436,484,1168,640,436,484,1508,628,440,492,740,644,404,456,884,636,432,484,772,648,412,616,924,648,444,496,736,644,400,452,764,628,436
68,884,804,640,440,884,624,408,460,500,624,452,500,772,628,412,460,764,644,440,492,1288,412,464,772,620,440,492,864,640,412,460,816,632,444,492,868,628,760,772,640,436,488,860,636,412,544,784,636,428,480,872,624,736,768,632,440,492,908,616,440,492,788,632,428,476,872,624,404,820,636,556,516,868,632,420,468,1364,628,432,480,1492,620,428,480,776,444,496,876,628,424,476,844,644,480,512,880,624,408,456,792,644,728,872,640,420,472,800,628,436,488,888,640,412,464,780,636,724,556,624,424,476,528,636,440,492,704,624,408
72,1040,872,644,732,1016,636,440,488,472,632,752,804,648,440,488,768,632,404,928,628,440,488,736,632,408,456,804,436,484,1168,636,408,456,1544,624,728,740,640,408,456,884,620,744,748,636,396,444,896,616,424,736,628,408,460,936,628,484,516,752,392,444,900,628,428,480,792,640,732,576,644,444,496,928,624,732,604,632,456,508,488,636,416,1364,628,448,500,808,648,428,476,912,436,484,756,644,420,468,900,628,764,760,636,412,452,916,636,728,748,640,416,468,580,620,448,492,644,404,456,584,624,436,484,488,416,468,568,624,436
76,884,852,636,740,880,632,412,496,620,448,496,1032,624,728,796,964,488,624,892,412,456,1516,624,724,772,632,408,456,808,436,488,856,616,404,760,644,432,484,852,632,732,780,964,476,864,632,396,444,768,628,744,1916,488,436,488,788,424,476,876,636,752,820,648,480,516,868,644,740,788,632,428,920,616,424,476,772,648,728,872,644,416,468,836,1260,760,872,640,1064,784,636,448,496,864,416,468,788,612,432,884,636,408,456,776,636,716,552,628,420,660,636,436,488,552,624,1060,516,628,448,496,540,408,460,524,640,732,552,632,412
80,908,764,412,452,904,628,748,468,612,744,792,632,432,760,636,400,448,916,432,480,708,628,740,876,628,720,776,640,404,888,632,424,472,732,412,452,880,628,748,744,632,552,896,628,424,736,628,412,456,932,464,516,752,648,736,904,620,752,788,648,436,892,644,440,492,752,396,444,944,636,760,740,636,724,892,644,444,800,644,424,472,900,428,480,752,640,724,888,612,736,1420,624,408,908,636,436,484,744,412,460,1272,624,728,488,628,724,580,628,432,484,632,416,464,568,432,484,488,640,732,580,620,756,476,632,412,564,648,432
84,864,808,448,496,792,416,464,488,612,752,756,628,744,1208,624,728,908,624,1044,756,632,748,844,968,444,824,644,732,872,632,748,1368,632,736,848,632,764,792,636,440,884,628,412,760,628,428,896,628,428,796,644,436,880,628,412,460,1072,472,504,848,412,452,796,440,492,1152,436,488,760,432,480,856,948,456,840,636,728,884,628,748,776,636,728,852,628,748,800,628,736,896,644,732,768,644,732,540,620,748,536,644,736,568,636,420,512,628,440,532,632,400,1120,628,448,568,632,420,496,628,428,476,528,1260,764,536,448,500,552,412
88,896,740,416,460,912,444,452,628,404,784,628,424,772,964,460,932,616,744,716,636,748,872,644,728,792,640,732,900,632,764,728,396,444,876,428,480,760,416,1136,632,436,728,632,396,920,636,748,760,960,452,904,632,752,1400,636,732,872,640,728,760,632,744,956,460,508,724,408,448,884,432,812,636,432,908,624,436,736,644,728,880,616,740,768,628,744,1336,624,728,736,640,732,568,632,748,500,416,468,592,444,496,476,416,560,632,424,500,648,412,592,636,756,464,632,676,556,640,732,500,644,732,580,640,608,460,644,728,556,424
92,876,1224,480,900,628,428,496,628,736,764,628,760,812,452,504,916,428,764,632,748,852,644,728,832,636,736,884,416,768,648,436,856,620,752,800,632,748,1496,628,728,768,440,924,628,732,804,640,732,888,624,748,816,1176,848,856,412,800,620,740,1276,620,728,768,636,716,864,416,852,640,560,892,628,736,784,640,728,860,412,464,812,452,904,648,728,780,644,732,548,632,1088,544,460,576,632,428,516,624,748,536,640,752,540,648,728,572,428,504,628,764,536,640,736,544,640,732,560,416,464,640,432,540,624,744,532,628,744,564,624
96,1020,880,420,920,624,572,456,624,732,788,428,776,644,724,936,628,736,1160,408,876,640,732,796,644,728,944,440,732,644,732,944,628,716,764,408,908,628,744,728,628,752,928,456,764,640,724,908,624,748,776,424,564,640,724,496,620,732,844,488,468,636,720,1116,936,488,816,436,912,624,744,744,636,720,884,436,772,636,452,928,640,720,736,408,572,628,744,504,640,720,1020,448,480,628,748,1184,628,724,508,420,596,632,744,464,628,740,556,424,508,636,728,588,628,736,464,404,560,624,744,492,624,588,580,436,468,636,548,592,620
100,1028,908,448,888,632,620,496,456,784,628,756,804,648,908,636,764,772,624,752,1484,628,820,640,732,868,408,776,640,728,864,420,788,616,752,876,628,776,624,584,912,612,736,788,432,872,636,688,824,560,552,644,728,524,440,968,624,716,520,968,500,884,632,844,644,716,880,412,792,644,732,872,424,804,632,588,896,648,1172,632,736,560,632,764,532,632,1244,628,732,524,456,1136,628,732,532,444,560,620,740,512,628,544,640,732,532,628,724,548,408,508,636,724,548,416,520,624,752,548,404,516,624,744,576,628,744,952,624,552,628
104,916,772,636,920,632,752,472,644,796,628,764,644,732,924,632,736,616,744,880,436,780,640,728,892,428,736,644,728,880,440,820,624,712,896,640,736,628,740,904,644,752,636,900,624,748,788,644,892,628,724,756,400,948,632,752,748,416,900,644,732,1556,428,912,632,756,756,636,900,636,764,760,644,912,640,752,644,732,612,628,496,632,728,584,436,488,628,748,568,436,492,640,728,584,440,476,628,732,564,628,492,636,728,572,636,476,636,572,624,740,480,632,572,616,740,480,408,600,628,744,480,1472,576,632,748,628,436,580,644
108,1000,904,632,880,632,500,512,668,772,412,796,644,972,628,728,764,440,884,632,728,812,628,864,624,768,636,728,860,640,784,628,872,616,744,772,444,908,632,748,792,616,872,632,824,644,732,552,632,524,632,580,636,696,516,448,880,632,732,844,636,880,412,788,644,720,868,644,796,628,888,644,728,780,448,556,628,528,640,728,556,412,520,628,748,544,636,524,640,556,620,740,508,636,540,632,524,628,724,544,412,508,640,728,548,628,516,628,548,624,748,512,640,576,624,516,644,732,552,412,540,628,728,556,632,524,436,580,636
112,1016,864,624,908,436,468,480,824,616,744,764,628,924,628,732,628,736,884,628,780,412,1592,624,740,632,728,884,644,752,636,904,632,744,744,648,940,468,756,648,900,616,744,792,628,576,644,488,632,748,604,640,484,416,900,640,804,628,724,904,640,1308,632,892,624,732,760,636,1568,436,748,640,580,616,596,492,628,632,624,488,628,732,984,636,492,412,584,632,476,620,744,808,628,492,644,572,632,736,476,636,600,440,484,632,576,620,752,480,648,808,628,480,640,720,576,644,508,440,756,952,484,620,744,604,640,484,964,580,964
116,896,1076,624,892,644,492,628,812,616,812,640,732,916,640,760,432,848,640,828,640,884,632,756,764,620,848,404,800,632,888,636,748,764,636,900,644,800,440,884,632,812,640,732,540,628,528,640,588,616,504,968,864,640,728,848,624,884,632,776,640,856,624,1504,624,716,900,644,772,628,544,628,536,628,568,628,756,512,644,532,412,536,640,572,628,524,628,732,532,616,540,456,560,632,708,644,736,536,644,528,648,560,416,728,628,560,628,748,528,632,564,640,532,632,540,644,816,624,728,588,640,504,624,544,640,556,640,564,624
120,1000,884,636,924,644,460,468,820,620,780,972,936,632,724,632,1016,876,628,792,632,904,648,724,396,872,624,760,628,908,628,724,628,736,924,636,760,628,928,632,776,624,568,636,496,620,1156,624,732,472,624,992,628,816,628,912,444,744,640,888,632,772,632,924,644,720,740,628,572,652,504,636,596,624,480,636,560,636,504,648,736,592,644,468,644,556,632,504,420,584,628,464,644,560,644,492,632,732,580,644,468,640,588,644,492,632,1016,624,492,640,564,960,484,492,636,612,636,468,628,568,1296,524,636,588,628,476,640,568,640
124,1020,1288,636,904,648,500,644,824,632,816,632,920,644,764,632,856,628,832,640,1340,628,772,640,1564,608,800,624,888,628,740,764,640,904,632,804,628,892,640,820,628,544,624,540,640,500,448,516,964,872,640,856,644,900,632,788,644,868,628,816,640,912,648,736,784,636,552,648,548,636,576,644,520,632,540,644,544,632,580,628,508,616,536,644,548,640,564,632,504,632,688,624,536,632,744,564,636,508,632,564,636,532,624,568,636,536,624,1252,628,536,452,596,628,512,640,552,640,564,640,1048,624,520,640,548,632,540,636,748,576
128,900,780,632,916,644,456,640,948,624,776,624,932,640,720,640,872,612,788,628,904,640,724,628,872,632,760,640,908,640,724,644,924,632,768,628,912,644,780,632,884,620,768,644,964,648,736,636,896,620,824,636,916,648,744,632,884,632,772,644,928,628,740,628,572,632,504,628,592,640,476,640,556,628,504,628,592,640,464,640,556,612,504,624,584,636,464,624,1064,604,492,644,580,644,468,640,592,628,492,632,984,640,496,628,568,632,496,648,612,644,472,632,568,620,524,632,592,648,536,632,568,636,868,644,600,636,984,632,572
132,888,808,624,880,504,624,772,624,804,632,900,624,768,632,860,644,820,636,872,624,772,628,864,644,788,640,876,644,776,644,916,644,796,628,880,648,828,872,648,796,620,932,632,780,648,876,644,848,628,884,632,792,456,876,644,796,628,892,628,1560,624,560,640,908,616,556,640,996,544,628,528,640,560,620,512,624,544,640,532,640,548,628,508,644,552,640,520,640,548,636,516,644,580,644,520,632,552,644,540,632,872,524,632,912,624,524,644,560,648,556,644,1336,624,528,644,556,1452,528,644,592,612,524,628,564,644,532,628,560
136,1048,872,908,620,472,472,800,624,768,636,928,636,740,632,888,624,784,624,900,740,640,888,628,756,616,904,432,744,648,944,644,760,620,908,800,644,500,644,452,628,508,624,468,624,908,628,812,624,908,632,760,900,624,764,624,920,628,752,420,584,636,496,620,584,628,488,568,620,496,632,588,620,480,616,572,624,496,624,576,640,804,616,576,484,624,576,624,484,620,604,492,488,628,584,640,508,620,580,488,624,608,632,488,644,1056,632,516,632,584,644,496,628,584,636,496,592,636,492,640,584,620,496,412,588,636,1028,636,572
140,888,1580,884,628,500,632,776,412,804,640,904,644,768,864,644,816,632,864,408,772,628,860,640,784,876,620,772,624,908,636,788,624,872,632,820,868,636,788,620,916,628,776,620,872,836,636,876,620,788,632,868,636,796,636,884,780,628,556,624,528,444,560,640,520,636,572,528,640,888,624,508,440,544,628,528,632,548,740,640,548,624,884,432,548,640,1216,636,576,516,636,548,628,540,628,552,628,524,632,576,516,636,556,636,544,620,552,640,520,552,624,520,624,1096,936,516,624,552,636,528,552,616,520,624,544,412,728,624,560
144,916,772,916,632,472,1048,800,644,1096,928,628,1412,624,888,624,784,616,996,1100,632,884,440,752,636,952,1328,620,932,624,748,624,896,628,788,888,636,872,396,948,636,836,900,636,1272,632,904,636,756,616,896,1172,624,916,440,852,624,580,492,640,584,632,492,644,572,636,492,588,628,480,408,568,632,496,672,624,476,640,572,640,484,628,576,508,624,600,492,964,620,576,508,636,576,636,484,640,604,628,484,580,636,508,424,576,636,484,576,620,484,624,1020,616,484,616,580,492,640,584,436,664,632,568,488,640,584,628,480,636,568
148,988,916,896,632,496,508,764,644,808,912,628,788,632,848,1348,632,880,412,876,624,852,1356,624,888,416,876,632,900,1300,636,888,640,820,464,640,496,1232,496,644,492,872,644,856,500,900,648,784,864,624,812,644,904,776,644,548,632,544,628,572,516,632,1160,404,540,616,576,504,628,532,632,540,628,560,1048,636,536,636,884,560,624,504,1384,560,640,1296,564,628,532,484,544,628,536,592,628,508,628,548,560,644,568,424,516,628,544,540,628,576,428,516,632,548,544,636,576,648,520,540,636,540,648,576,648,504,768,640,544,456,560
152,900,784,920,628,728,640,788,1416,936,936,644,724,876,644,896,628,908,1408,644,880,432,772,912,636,1432,400,928,644,768,908,440,780,616,880,732,628,956,644,732,888,632,816,628,916,740,640,884,640,772,920,636,736,404,568,504,636,592,448,472,640,556,500,416,592,632,544,556,640,504,632,584,464,628,560,644,496,584,632,468,644,932,496,644,912,440,496,564,644,496,412,616,648,864,572,440,524,624,592,480,648,568,648,504,596,636,476,628,1072,504,644,916,640,476,560,628,504,416,596,464,628,556,424,504,628,584,464,396,560
156,880,1312,904,432,500,636,768,816,456,916,764,624,856,628,832,884,620,772,624,856,804,624,900,644,772,912,440,808,896,632,824,496,1316,808,628,944,640,780,792,640,860,620,972,784,448,864,640,816,908,432,780,552,624,496,460,572,520,616,540,632,540,576,620,508,624,548,544,460,1024,632,508,544,412,536,564,628,508,640,568,536,628,568,644,540,548,640,540,636,596,516,444,552,564,644,576,432,608,548,632,544,644,580,520,644,552,640,548,576,432,520,636,900,544,460,1044,508,628,540,408,544,564,624,508,624,540,536,624,564
160,1032,1924,920,448,532,792,632,1316,616,940,1396,400,880,796,648,912,636,1416,880,436,764,916,636,736,632,932,772,412,916,784,640,488,620,464,520,496,456,808,640,820,620,1448,748,412,888,776,628,928,624,740,572,440,508,596,624,480,624,560,508,420,596,468,628,560,616,512,588,1460,468,564,628,516,628,588,472,1420,592,496,644,592,632,500,572,440,500,616,640,476,620,576,528,444,596,1100,640,572,640,852,600,456,476,576,632,508,616,596,480,412,920,508,640,916,624,468,564,428,508,588,628,464,620,564,496,408,584,472,624,592
164,1036,916,892,420,592,784,424,812,912,628,780,644,872,828,628,876,780,448,836,792,440,1576,776,628,916,632,796,880,1288,828,476,428,492,488,624,504,880,632,844,620,880,792,456,872,800,444,896,788,628,724,632,536,864,632,528,552,420,532,564,628,516,552,640,536,620,556,516,448,556,524,440,824,520,628,584,644,528,560,644,1264,560,428,532,588,440,528,564,640,556,620,560,528,460,560,532,448,564,528,636,564,536,636,568,636,528,552,424,532,748,420,516,548,628,536,620,552,512,620,552,524,436,552,516,624,580,524,632,616
168,920,776,920,648,476,804,444,772,932,444,740,888,440,788,900,1112,744,888,444,756,904,628,784,940,616,1252,804,628,1560,624,892,1272,620,948,1380,620,904,1288,428,908,760,420,896,764,408,920,752,420,584,496,412,588,492,636,576,492,632,588,484,632,572,628,500,576,640,480,580,648,488,720,432,484,604,496,488,584,436,512,580,448,492,608,460,488,584,644,516,584,620,492,580,632,492,640,588,472,616,584,464,628,588,472,424,572,460,408,588,460,1020,488,460,408,476,460,408,492,448,628,872,464,616,520,848,636,484,640,1104,580
172,1012,908,888,644,768,780,640,824,900,640,768,864,820,640,868,776,624,832,784,624,1388,772,624,908,752,632,876,892,496,472,488,436,484,500,452,880,844,464,880,788,456,1396,800,440,896,788,456,560,616,448,564,528,456,552,532,444,564,516,444,1248,536,632,892,512,616,552,816,640,552,516,644,576,520,628,552,544,1216,636,524,904,612,520,560,640,548,556,628,1240,556,620,524,560,416,520,556,428,532,680,412,524,548,416,528,560,416,512,544,412,528,548,412,512,548,1440,524,1328,404,516,576,444,520,552,412,544,556,632,524,584
176,1028,872,912,472,632,800,764,408,928,1112,412,884,748,408,896,744,612,888,752,900,632,744,936,468,720,900,432,792,500,448,452,512,628,1124,904,808,644,908,760,424,904,768,416,924,760,424,644,500,620,924,496,572,632,788,588,444,480,572,440,496,576,432,480,576,632,488,576,480,632,604,484,408,580,512,440,580,488,412,1044,484,616,584,756,660,624,488,496,448,452,488,440,468,500,1448,460,492,628,472,492,460,636,492,460,412,488,460,412,480,460,416,492,1104,628,480,464,520,632,448,484,436,492,500,448,452,512,464,1048,504
180,1148,816,1364,496,448,764,812,452,916,760,648,852,832,884,416,768,852,408,800,896,772,636,1304,804,448,892,820,468,780,804,940,632,948,868,416,1572,896,644,1416,864,808,1424,904,776,444,548,544,628,568,512,1256,404,536,1112,428,504,532,1000,636,564,504,432,540,532,444,560,508,568,1224,528,1336,420,536,544,632,532,592,512,444,548,560,492,572,516,544,632,540,576,428,872,548,416,544,592,516,636,456,504,456,832,484,648,584,800,464,416,484,456,412,496,464,648,488,480,492,440,468,512,464,460,496,496,628,492,464,416,524,472
184,1012,884,924,460,508,792,780,624,940,728,880,428,1372,908,728,640,880,768,412,920,736,936,464,776,920,444,764,492,464,416,520,456,408,892,824,920,448,748,888,640,776,928,740,408,576,508,596,624,480,560,432,508,596,468,408,1232,508,424,1088,464,564,432,972,584,440,468,592,496,408,492,480,624,568,464,520,488,456,488,492,636,496,460,412,492,468,504,452,1112,492,444,472,500,460,412,624,472,420,1168,452,480,432,1120,492,648,448,484,464,412,492,452,512,624,460,496,448,480,488,464,412,520,456,408,492,492,496,448,460,488
188,1028,928,908,504,512,772,820,920,436,1000,860,836,464,888,776,440,860,808,800,424,776,1456,812,452,900,832,472,420,508,504,456,500,876,864,496,904,792,1308,424,816,912,784,452,556,612,624,580,524,544,412,548,580,512,440,544,552,568,420,1184,544,540,624,568,512,444,568,500,1244,428,564,468,1044,544,600,520,472,424,532,480,432,504,468,508,460,484,504,472,424,512,484,504,456,464,512,464,484,492,460,412,516,476,492,440,468,508,476,424,496,496,644,504,480,524,492,1244,504,504,1384,500,472,532,572,484,504,472,628,508,484
192,908,788,1148,460,412,792,804,936,456,732,884,800,424,912,732,884,432,768,820,732,408,932,768,916,448,1036,888,772,1444,960,736,892,440,820,916,744,408,888,776,924,452,736,572,528,420,596,480,560,428,508,596,468,404,560,508,588,440,468,564,496,412,584,472,512,480,496,496,480,428,488,464,520,488,456,492,492,440,496,460,488,440,468,504,460,408,496,476,500,452,460,480,476,424,500,452,480,432,476,492,448,408,484,460,488,440,452,512,496,412,496,480,488,440,464,520,456,404,488,492,496,448,460,488,468,420,504,456,492
196,892,812,888,508,1196,420,808,908,776,448,868,824,876,412,1172,872,756,1468,880,780,920,800,440,884,832,880,428,804,936,788,456,884,848,884,416,1092,880,804,896,420,792,564,536,452,564,528,552,420,656,568,516,448,548,536,552,516,444,552,540,456,408,500,496,484,436,460,524,476,980,440,488,504,480,432,516,464,508,460,480,492,468,420,508,480,500,468,420,512,472,848,448,472,496,468,416,500,456,496,448,476,492,460,500,452,500,488,460,416,528,480,980,444,488,504,480,432,516,464,508,476,428,496,468,508,460,480,500,468
200,1060,876,916,476,804,444,772,932,744,416,892,792,904,1332,416,896,744,912,752,420,864,764,912,440,804,504,456,512,464,1244,908,812,436,912,764,820,768,412,924,756,588,456,500,592,496,576,444,500,592,484,492,444,464,484,464,412,496,452,480,468,420,524,448,488,440,496,504,456,512,464,472,504,648,432,492,476,504,460,412,496,476,508,980,416,496,476,496,444,464,496,468,492,444,468,488,468,416,500,456,488,472,420,524,1048,492,440,496,504,456,512,468,472,504,940,492,440,476,504,460,412,496,472,508,992,412,496,476,492
204,892,812,888,504,780,420,804,908,952,868,416,1572,876,776,864,420,788,876,756,1300,444,792,876,824,868,424,792,924,780,876,428,844,880,788,788,424,796,888,784,556,424,532,556,524,548,416,528,560,512,444,544,512,452,492,440,468,488,452,496,448,496,1004,456,524,568,472,488,488,500,452,476,868,460,504,452,476,492,468,504,452,480,976,464,508,456,468,492,468,496,444,464,1028,452,492,444,468,484,456,496,444,496,1032,456,524,560,472,488,484,500,452,476,856,460,412,504,472,492,464,412,500,476,1012,464,416,504,464,492,464
208,916,772,916,476,804,772,408,932,1188,888,784,412,900,748,892,756,404,908,728,940,764,908,436,816,896,760,956,460,748,904,812,908,440,760,816,760,916,1172,420,584,496,588,492,424,572,492,588,568,412,568,460,480,460,1160,444,448,1120,464,520,492,988,484,492,496,448,452,508,468,504,476,428,488,472,500,456,412,964,472,504,460,412,492,476,492,460,492,1284,464,488,460,484,432,460,496,452,480,1072,468,520,448,484,492,444,496,452,512,468,420,500,480,488,476,424,636,456,492,888,500,452,460,492,472,1168,440,460,1140,460,488
212,1000,924,904,500,768,816,456,872,764,856,832,888,420,752,856,796,884,768,440,1600,804,1360,816,492,464,500,500,492,868,420,856,896,784,784,812,456,908,780,552,548,480,428,520,1000,508,480,880,440,456,512,472,488,1188,412,500,1156,492,492,440,1088,476,520,468,500,452,500,496,472,528,476,424,500,468,508,484,572,448,472,508,480,500,1104,408,508,1140,488,456,412,1132,468,484,456,496,448,468,492,488,496,472,424,516,464,500,496,576,444,468,528,476,500,1124,416,504,1124,496,468,508,460,480,500,460,508,460,920,488,456,512,472
216,904,784,924,460,788,776,932,448,1288,872,796,904,728,400,796,764,912,728,932,460,768,912,1328,884,768,964,468,736,892,824,920,752,412,812,780,932,1196,576,512,424,600,484,996,508,600,1264,472,560,1276,588,468,412,568,496,488,452,512,460,412,492,480,488,464,520,1028,456,488,492,496,460,652,440,468,1124,456,492,472,420,500,460,480,468,500,1256,452,480,472,492,448,684,432,460,1160,452,508,460,412,496,480,488,464,520,744,412,492,492,496,464,1224,440,472,1156,460,496,472,424,504,460,484,476,504,760,404,480,476,492,448,1260
220,1496,824,1344,504,772,1360,920,436,1868,856,800,888,772,780,416,808,896,772,912,812,896,428,988,864,812,948,780,880,864,500,904,792,792,820,916,788,456,560,552,584,524,544,548,460,584,492,460,516,476,492,444,464,504,472,492,488,500,452,476,524,468,488,504,500,452,472,532,1052,500,468,508,1308,484,500,472,512,604,504,452,460,1064,484,492,460,512,464,472,492,464,504,472,496,776,440,500,1100,524,468,508,504,456,500,472,532,480,616,472,420,512,488,504,1176,516,488,1352,504,464,512,488,496,592,408,516,1140,492,464,504,472
224,1040,884,924,464,792,784,940,776,404,880,764,1200,732,880,992,916,444,736,932,772,920,788,1140,480,420,524,460,900,828,924,752,812,444,784,936,748,500,580,504,464,416,484,476,508,456,484,480,496,444,452,488,464,492,728,516,464,416,500,484,1200,468,524,824,492,444,496,500,464,1160,472,504,856,412,496,472,504,464,1176,472,504,1344,452,484,476,496,448,684,464,416,1160,456,512,464,500,484,920,444,468,1144,460,496,496,500,464,416,492,472,508,716,500,476,504,456,464,1172,476,508,860,484,480,428,496,452,476,468,496,460,516
228,1044,912,892,512,784,808,908,1036,868,420,1512,780,784,872,796,884,784,920,1132,800,1076,836,480,496,492,508,892,436,852,896,804,800,808,900,796,484,504,456,472,512,476,572,472,500,472,504,452,460,500,476,492,460,504,832,488,440,1084,532,480,496,488,508,832,520,560,936,508,480,496,472,508,872,504,452,1064,512,472,500,472,500,872,504,452,1084,500,476,492,460,504,932,488,440,1108,532,480,496,492,508,844,524,472,1356,512,484,500,472,512,612,504,472,1372,512,476,504,472,500,588,504,464,1364,500,476,492,464,504,636,488,464
232,924,780,920,480,808,772,936,1324,892,788,904,436,752,896,760,912,748,944,764,912,796,448,900,764,960,756,908,812,1208,764,820,1016,412,920,760,588,464,496,476,496,760,496,464,416,492,464,484,460,496,452,480,464,936,556,452,1012,496,500,456,516,472,896,480,492,1348,476,500,460,496,476,652,464,496,856,496,444,460,496,464,1224,464,488,864,500,456,416,484,468,516,452,488,500,504,460,516,472,424,504,588,492,476,504,460,1004,476,508,464,416,496,480,496,460,496,716,492,464,484,436,464,1240,452,484,864,520,448,484,496,500
236,1024,912,892,508,780,808,1340,824,784,1016,880,784,872,424,800,888,784,1272,800,1376,832,476,492,488,504,456,884,848,888,796,796,804,892,788,484,500,468,512,460,468,584,468,496,468,500,932,496,472,488,456,496,448,496,484,460,760,476,492,488,504,480,516,464,508,484,476,496,472,508,480,924,468,508,472,500,940,500,448,468,1088,456,496,472,492,972,500,500,488,464,412,532,480,492,488,768,484,520,464,508,480,496,468,420,508,480,500,468,508,472,1052,468,500,468,500,948,408,496,472,1120,456,500,496,488,936,528,476,492,488
240,1040,876,920,480,808,776,1204,792,812,1008,904,748,896,760,912,748,420,1328,764,1400,800,500,456,512,472,912,812,1052,760,820,1024,924,448,756,504,464,492,476,492,800,496,464,488,464,980,464,496,452,1316,484,468,524,452,708,496,504,456,512,472,904,484,492,844,504,456,460,496,476,1180,468,496,868,496,460,500,468,496,468,484,468,416,500,456,488,472,528,1160,488,496,500,456,1000,472,504,484,492,444,476,504,460,496,708,508,464,496,480,496,464,496,464,492,464,416,484,464,496,1096,484,468,524,448,976,496,500,456,516,472,900
244,1624,828,1376,500,772,1380,920,764,856,832,888,772,856,800,892,1044,904,808,892,820,860,416,808,940,772,868,856,892,1552,780,808,904,776,468,508,480,772,456,504,480,488,456,408,512,468,488,460,500,472,492,488,1132,472,520,464,504,948,496,468,528,476,500,888,416,508,1132,500,472,512,484,504,900,508,484,860,456,512,468,488,460,500,472,488,488,496,448,472,520,464,1108,500,496,468,528,896,500,468,504,480,500,876,508,476,868,456,504,456,480,488,1108,508,468,864,460,500,472,492,484,496,472,516,468,500,500,496,468,528,496
248,1020,888,928,464,792,1184,844,776,880,800,912,732,876,768,916,1044,932,772,920,784,492,468,524,624,896,828,924,752,812,784,932,456,748,496,728,504,468,484,480,1016,456,484,480,496,456,980,468,496,860,516,464,500,484,492,468,524,460,496,496,500,464,496,476,1316,508,464,500,476,676,464,484,476,508,452,936,476,496,844,484,464,492,456,512,464,500,480,492,468,520,456,496,492,500,464,904,444,472,1124,460,496,476,504,464,928,476,504,832,484,480,496,452,488,468,492,456,516,464,580,484,492,472,524,464,920,496,504,840,416
252,964,896,880,472,744,796,796,788,832,812,864,748,1292,780,1404,748,888,984,872,800,444,484,480,476,852,1144,880,768,764,796,892,764,452,488,460,480,440,488,788,472,440,492,452,468,1016,480,448,944,468,476,456,496,448,484,480,476,448,508,576,480,444,396,1180,460,476,448,488,1008,480,436,488,456,468,964,488,448,912,436,476,448,472,464,476,452,496,444,480,672,472,448,508,456,480,948,488,460,900,448,488,460,480,436,488,460,468,436,492,664,468,440,480,448,472,1060,480,456,932,448,484,480,476,448,512,456,480,432,448,484
256,908,788,920,460,792,784,940,732,1500,800,1388,736,880,980,916,736,936,772,920,788,892,776,968,928,900,832,924,756,816,784,940,748,500,476,504,464,640,476,504,852,484,476,496,452,488,464,496,456,516,464,560,480,492,468,524,460,904,496,500,824,496,472,504,460,496,476,504,464,484,472,504,452,484,476,492,452,944,464,492,860,516,464,500,484,492,468,524,460,492,496,500,464,496,472,508,464,876,476,504,840,484,476,516,456,484,476,496,452,488,468,580,456,516,464,500,484,936,468,528,844,496,496,500,464,496,472,508,464
