324
324
516
324
316
324
324
320
324
324
324
324
324
324
324
320
324
324
324
324
324
324
324
320
324
324
324
324
324
324
324
320
324
324
324
324
324
324
324
320
324
324
324
324
324
324
324
320
324
324
324
324
324
324
324
320
324
324
324
324
324
324
324
288
292
292
292
292
292
292
292
288
292
292
292
292
292
292
292
288
292
292
292
292
292
292
292
288
292
292
292
292
292
292
292
288
292
292
292
292
292
292
292
288
292
292
292
292
292
292
292
288
292
292
292
292
292
292
292
288
292
292
292
292
292
292
292
312
316
316
316
316
316
316
316
312
316
316
316
316
316
316
316
312
316
316
316
316
316
316
316
312
316
316
316
316
316
316
316
312
316
316
316
316
316
316
316
312
316
316
316
316
316
316
316
312
316
316
316
316
316
316
316
312
316
316
316
316
316
316
316
272
276
276
276
276
276
276
276
272
276
276
276
276
276
276
276
272
276
276
276
276
276
276
276
272
276
276
276
276
276
276
276
272
276
276
276
276
276
276
276
272
276
276
276
276
276
276
276
272
276
276
276
276
276
276
276
272
276
276
276
276
276
276
276
