292
287
292
288
292
287
293
289
292
287
292
288
292
289
291
287
293
288
292
288
292
287
294
287
291
288
294
287
293
287
293
287
292
288
292
286
295
287
291
289
292
288
292
288
292
288
292
287
293
287
294
287
292
288
293
287
293
287
293
287
292
287
293
286
305
297
303
298
302
298
304
298
303
297
303
299
302
298
302
299
301
299
302
300
315
163
169
164
169
163
169
163
170
163
170
163
314
163
170
163
168
163
169
163
169
163
169
163
169
163
169
164
316
163
170
163
170
164
170
162
169
163
170
163
169
163
170
163
307
161
168
160
168
161
168
161
169
161
168
162
168
161
168
161
306
161
168
161
169
161
168
161
169
161
168
161
169
161
168
161
307
161
168
161
168
161
168
161
168
161
169
161
168
161
168
161
307
161
168
161
168
162
168
160
168
161
168
161
167
161
169
161
316
163
169
163
169
163
170
163
169
164
169
163
170
163
169
163
316
163
169
164
169
163
170
163
169
163
169
164
169
163
169
164
315
162
170
163
169
163
169
164
169
163
169
163
170
163
169
163
316
297
303
298
303
297
303
298
302
299
303
298
303
298
302
