1536,122,122,122,122,122,122,122,122,122,122,122,122,122,122,122,122,122,122,122,122,122,122,122
1600,122,122,122,122,122,122,122,122,122,122,122,122,122,122,122,122,122,122,122,122,122,122,122,122
1664,122,122,122,122,122,122,122,122,122,122,122,122,122,122,122,122,122,122,122,122,122,122,122,122,122
1728,122,122,122,122,122,122,122,122,122,122,122,122,122,122,122,122,122,122,122,122,122,122,122,122,122,122
1792,122,122,122,122,122,122,122,122,122,122,122,122,122,122,122,122,122,122,122,122,122,122,122,122,122,122,122
1856,122,122,122,122,122,122,122,122,122,122,122,122,122,122,122,122,122,122,122,122,122,122,122,122,122,122,122,122
1920,122,122,122,122,122,122,122,122,122,122,122,122,122,122,122,122,122,122,122,122,122,122,122,122,122,122,122,122,122
1984,122,122,122,122,122,122,122,122,122,122,122,122,122,122,122,122,122,122,122,122,122,122,122,122,122,122,122,122,122,122
2048,122,122,122,122,122,122,122,122,122,122,122,122,122,122,122,122,122,122,122,122,122,122,122,122,122,122,122,122,122,122,122
2112,122,122,122,122,122,122,122,122,122,122,122,122,122,122,122,202,122,122,122,122,122,122,122,202,122,122,122,122,122,122,122,202
2176,202,122,122,122,122,122,122,122,122,122,122,122,122,122,122,202,202,122,122,122,122,122,122,202,202,122,122,122,122,122,122,202,202
2240,202,202,122,122,122,122,122,122,122,122,122,122,122,122,122,202,202,202,122,122,122,122,122,202,202,202,122,122,122,122,122,202,202,202
2304,202,202,202,122,122,122,122,122,122,122,122,122,122,122,122,202,202,202,202,122,122,122,122,202,202,202,202,122,122,122,122,202,202,202,202
2368,202,202,202,202,122,122,122,122,122,122,122,122,122,122,122,202,202,202,202,202,122,122,122,202,202,202,202,202,122,122,122,202,202,202,202,202
2432,202,202,202,202,202,122,122,122,122,122,122,122,122,122,122,202,202,202,202,202,202,122,122,202,202,202,202,202,202,122,122,202,202,202,202,202,202
2496,202,202,202,202,202,202,122,122,122,122,122,122,122,122,122,202,202,202,202,202,202,202,122,202,202,202,202,202,202,202,122,202,202,202,202,202,202,202
2560,202,202,202,202,202,202,202,122,122,122,122,122,122,122,122,202,202,202,202,202,202,202,202,202,202,202,202,202,202,202,202,202,202,202,202,202,202,202,202
2624,202,202,202,202,202,202,202,202,122,122,122,122,122,122,122,202,202,202,202,202,202,202,202,202,202,202,202,202,202,202,202,202,202,202,202,202,202,202,202,202
2688,202,202,202,202,202,202,202,202,202,122,122,122,122,122,122,202,202,202,202,202,202,202,202,202,202,202,202,202,202,202,202,202,202,202,202,202,202,202,202,202,202
2752,202,202,202,202,202,202,202,202,202,202,122,122,122,122,122,202,202,202,202,202,202,202,202,202,202,202,202,202,202,202,202,202,202,202,202,202,202,202,202,202,202,202
2816,202,202,202,202,202,202,202,202,202,202,202,122,122,122,122,202,202,202,202,202,202,202,202,202,202,202,202,202,202,202,202,202,202,202,202,202,202,202,202,202,202,202,202
