1193
1153
701
1186
842
1186
1011
823
1149
702
1177
1144
1182
1024
691
1021
694
1025
554
1025
1175
670
652
536
534
575
1182
1183
712
535
1014
1208
688
561
765
544
1036
700
544
1188
561
546
673
804
760
769
686
716
696
631
695
705
715
1173
559
549
553
693
1185
1012
444
566
568
830
537
754
455
770
559
1170
551
670
718
717
720
534
696
670
577
981
569
537
698
454
716
556
1030
566
700
532
706
712
702
705
543
940
569
672
709
548
701
854
553
569
690
1183
555
682
970
784
880
567
550
715
540
702
622
554
552
306
548
553
548
562
1161
703
709
743
566
619
706
695
1016
574
464
715
538
544
709
698
703
534
697
676
580
697
533
706
573
552
705
550
940
714
671
713
558
553
907
567
571
556
710
567
710
550
722
711
556
702
727
581
545
552
708
731
1031
728
730
689
561
725
726
890
734
670
709
570
540
687
544
550
704
541
726
730
687
704
540
671
695
541
698
559
702
567
707
565
670
696
700
707
687
696
550
714
691
687
694
946
559
554
569
573
541
553
561
666
539
449
543
577
545
709
319
698
555
670
675
556
544
706
551
668
546
699
541
557
670
704
702
689
534
685
710
574
717
696
699
702
705
540
550
705
553
575
298
579
669
707
683
721
700
550
536
700
694
679
295
550
537
701
703
579
548
709
700
704
714
548
777
540
543
702
702
700
702
536
671
670
701
567
817
572
538
653
540
556
711
704
556
555
701
701
567
675
699
556
696
716
300
671
686
814
542
746
704
567
547
706
712
551
699
552
298
548
544
670
706
536
920
701
905
695
550
707
706
662
535
705
701
564
895
705
705
713
710
535
560
561
545
580
556
557
555
671
562
711
543
535
590
300
550
696
698
556
720
539
550
543
537
557
761
712
549
537
706
565
541
705
536
553
577
661
540
711
562
647
693
547
554
547
684
539
803
703
549
537
700
715
557
710
666
527
695
708
707
714
540
713
557
708
716
542
538
700
540
707
551
699
709
557
706
541
683
667
700
537
560
546
541
566
734
698
550
671
707
707
707
671
706
559
568
729
724
714
545
714
718
688
717
723
689
720
716
719
703
686
550
456
557
716
715
540
702
729
538
721
535
739
719
545
787
548
978
686
703
547
709
720
728
715
550
557
728
564
724
671
548
567
719
549
711
700
551
560
534
577
539
701
544
717
707
560
670
566
700
710
560
566
700
704
541
717
715
713
565
702
699
711
553
537
542
292
701
556
561
550
712
715
561
565
719
893
711
698
539
559
558
556
811
692
556
711
710
888
702
556
727
576
718
702
700
695
700
713
705
555
708
685
568
768
715
664
707
753
665
708
709
707
774
705
703
715
570
691
637
707
555
444
556
708
555
453
705
558
696
545
559
707
705
554
699
700
558
557
533
575
313
707
702
707
695
653
719
775
711
537
562
715
675
445
542
712
702
670
556
538
707
534
673
566
454
723
547
699
546
707
553
695
768
539
543
539
552
707
705
555
694
713
536
694
571
808
716
541
699
862
703
533
696
701
696
671
537
535
536
706
545
569
705
617
696
690
565
678
551
717
702
711
704
790
556
542
541
654
537
707
707
535
679
537
547
709
454
654
536
558
704
702
708
708
866
740
567
699
670
559
569
694
540
570
560
695
711
538
692
565
455
714
701
714
558
873
553
700
702
545
535
670
535
634
706
684
692
705
697
718
700
537
701
550
553
555
561
725
726
722
556
689
460
561
731
731
730
681
716
536
737
554
569
542
687
706
727
558
712
727
716
899
566
568
560
715
558
723
539
554
550
706
699
726
722
738
557
722
729
542
693
539
540
723
536
652
702
699
703
713
557
564
715
543
541
535
538
664
688
608
706
685
538
546
706
705
695
706
553
548
540
701
707
707
544
537
555
557
567
716
666
551
707
450
543
536
700
696
705
569
550
570
551
698
552
573
709
692
703
697
714
709
560
701
694
706
539
544
565
548
553
547
536
538
554
583
719
559
552
536
552
702
462
541
697
671
307
706
538
538
707
711
701
555
540
887
542
535
700
544
946
539
707
551
705
704
563
715
565
943
571
712
573
308
550
696
555
701
680
537
711
538
536
710
542
535
307
315
702
723
696
968
707
536
704
551
535
690
552
676
712
537
547
563
548
563
715
561
700
309
706
537
795
693
556
573
550
567
907
697
686
556
651
542
555
677
695
708
696
697
561
713
562
565
554
577
541
559
697
705
565
682
555
937
700
551
698
547
720
538
549
659
571
551
700
702
800
561
699
596
446
663
535
701
721
687
546
548
670
692
547
553
542
545
544
705
669
705
538
550
762
538
541
567
696
652
557
552
551
539
542
546
536
702
704
561
558
551
566
714
542
682
709
558
574
707
713
896
706
551
563
568
697
561
724
538
564
984
688
728
534
572
542
551
551
739
723
738
720
538
688
705
546
453
728
558
785
689
679
711
540
722
539
565
537
724
712
965
546
701
557
733
716
709
732
733
732
737
552
574
729
561
680
535
551
460
671
710
715
536
683
537
685
539
700
539
685
543
664
812
300
765
707
708
691
536
536
706
545
536
924
548
945
711
540
839
699
540
704
671
537
543
706
671
544
540
707
556
700
690
867
703
534
706
684
714
671
706
315
541
551
535
544
459
539
705
697
866
653
545
555
733
551
553
666
706
701
541
548
704
710
700
549
567
654
556
311
550
546
763
569
962
695
539
562
561
565
712
717
701
699
545
704
694
299
547
297
710
674
537
540
569
536
553
549
555
549
883
541
556
757
693
702
704
553
540
545
696
701
544
560
711
542
536
696
310
685
316
710
569
536
721
671
721
534
591
704
831
554
700
708
551
716
562
672
540
690
560
715
703
693
535
313
698
717
671
537
971
672
710
679
555
555
664
694
543
554
917
550
701
700
556
567
536
537
809
542
672
705
545
931
792
697
557
573
316
557
697
536
686
888
539
703
564
705
561
301
713
692
548
550
705
701
717
556
793
553
552
537
697
553
707
672
575
557
702
696
548
699
682
545
653
741
713
685
958
553
546
702
565
674
552
697
567
698
575
688
555
552
560
678
551
555
537
820
563
686
723
714
567
716
687
715
568
712
554
961
550
535
559
560
572
712
563
558
729
536
550
724
687
532
717
570
550
541
562
728
594
556
793
567
718
558
554
559
910
551
307
762
551
690
537
728
561
554
541
535
713
708
553
535
712
542
685
723
707
702
539
696
702
715
716
540
716
700
583
742
559
709
711
698
562
699
544
744
931
538
702
692
700
708
715
544
701
550
672
553
702
542
686
712
554
527
535
702
556
535
687
704
761
958
712
552
699
711
542
562
561
304
536
707
546
700
686
535
561
540
534
699
665
700
560
559
546
810
553
713
671
708
690
697
707
545
707
712
538
706
612
558
715
548
700
708
540
542
550
547
706
703
541
704
959
712
580
549
712
910
565
705
691
455
671
707
694
320
676
546
534
687
714
550
659
700
745
715
562
552
707
551
558
560
547
700
683
691
707
672
708
719
565
553
549
544
699
552
539
561
553
553
549
541
672
778
704
302
654
539
687
713
537
672
703
704
700
653
691
556
433
538
548
958
705
537
684
793
685
707
663
706
717
697
698
549
533
670
548
707
540
707
706
548
710
671
695
670
706
682
544
551
541
668
708
454
562
536
678
533
564
682
568
551
573
555
546
457
535
653
725
707
695
654
560
552
559
669
641
546
749
538
537
688
755
960
548
558
541
706
544
542
539
572
827
690
555
694
721
707
554
719
726
724
444
557
711
561
539
557
687
723
732
445
805
714
541
536
735
713
705
548
686
559
728
545
537
706
704
890
442
557
721
540
729
550
450
553
786
540
551
714
566
559
691
549
700
558
546
703
716
537
701
700
669
550
673
534
670
550
566
704
556
544
652
536
707
726
764
699
560
316
680
539
560
535
537
698
714
701
535
548
540
704
669
560
554
706
709
535
654
713
704
549
539
711
682
691
557
540
700
545
541
696
693
708
671
550
664
700
677
769
543
774
717
539
557
543
690
717
558
550
536
551
701
814
703
714
705
684
559
541
553
799
710
549
777
541
557
543
699
569
707
535
567
568
547
536
696
553
558
708
551
698
695
714
535
920
535
720
562
561
983
569
949
710
847
706
710
712
705
453
452
670
706
558
708
561
543
704
555
701
698
657
684
547
701
715
553
706
592
557
557
807
700
537
696
708
901
555
534
715
315
768
561
443
552
537
696
684
559
554
712
661
702
546
691
714
672
536
706
707
319
665
537
704
311
550
703
702
552
553
666
696
718
699
560
535
697
535
703
702
726
555
700
567
703
764
708
617
549
538
554
566
567
709
705
301
544
706
716
713
710
535
706
682
570
706
774
540
781
535
639
575
675
708
568
698
702
535
707
706
767
670
695
556
562
571
545
705
733
676
731
665
701
720
543
538
535
545
558
536
754
568
739
718
711
545
721
544
555
570
722
730
703
686
534
652
453
699
566
538
779
535
712
538
547
704
712
558
454
702
735
557
453
728
537
716
557
662
556
566
543
307
553
557
700
556
551
715
545
697
540
316
549
710
559
689
707
699
714
682
696
568
549
754
541
561
556
705
717
716
715
686
682
898
555
541
542
705
707
544
568
548
708
534
541
703
685
542
570
707
716
663
700
546
700
320
668
563
677
690
