163
155
164
155
163
154
162
155
164
154
162
155
163
155
163
156
162
154
162
155
164
154
163
155
162
155
164
154
163
155
163
154
163
155
163
155
163
156
163
155
163
155
163
155
163
155
162
154
164
154
162
154
164
156
163
155
163
155
163
154
163
155
163
156
162
152
161
153
161
152
161
152
160
152
161
153
161
153
161
152
160
152
161
152
160
153
161
153
161
153
161
152
161
153
160
153
161
153
160
153
161
153
160
152
161
153
160
153
161
152
160
153
160
153
161
153
160
154
161
152
160
154
160
152
161
153
162
152
163
155
163
155
163
155
163
155
163
155
163
155
163
155
162
156
163
155
163
155
163
154
163
155
162
156
162
155
163
155
163
155
163
155
163
156
162
154
162
154
163
156
163
154
163
155
162
155
163
155
162
156
164
156
162
155
163
154
163
154
162
154
163
154
161
153
160
152
160
152
160
152
159
153
161
151
161
153
159
153
160
151
160
153
160
154
161
153
161
152
160
153
161
152
161
152
160
153
160
152
161
152
161
153
160
153
160
152
161
153
159
153
160
152
161
153
160
152
161
153
160
152
161
153
161
152
162
