1094
600
998
987
1005
1015
994
496
1022
998
1046
1007
1081
505
470
497
999
492
471
1012
481
532
989
486
468
1030
469
1016
1046
496
998
490
985
494
469
488
1008
486
483
485
1001
583
484
1016
551
494
475
1077
1014
485
496
489
493
489
493
494
498
495
481
487
1010
499
1002
501
484
492
480
1027
482
477
475
495
498
470
487
477
472
991
495
493
495
475
495
491
481
500
485
1029
487
484
471
470
482
493
488
489
461
486
481
485
306
484
488
484
486
471
491
477
472
488
485
476
471
489
505
481
484
494
486
484
485
489
500
474
471
493
471
491
484
520
482
497
504
486
472
482
502
481
577
490
484
471
491
602
472
996
492
498
473
469
497
495
470
471
484
486
481
501
482
498
469
470
494
487
637
488
485
492
483
485
472
494
488
486
498
493
485
487
493
499
483
489
494
471
498
487
494
470
471
469
483
486
481
498
482
472
494
496
484
484
485
486
470
476
515
488
494
504
481
495
486
496
484
493
494
488
482
496
540
483
484
482
487
491
496
493
499
499
502
494
473
471
471
480
485
471
484
470
569
511
509
497
485
498
487
473
470
468
475
499
483
484
480
482
485
486
470
487
552
488
470
485
494
493
473
485
481
500
480
470
482
497
473
471
487
494
495
498
471
492
496
482
480
507
569
469
495
494
486
489
470
496
498
481
482
500
482
488
470
484
483
484
486
502
497
470
489
486
493
486
493
487
476
543
470
493
497
472
484
488
498
486
487
486
486
487
485
497
499
471
481
565
498
493
497
494
486
586
471
495
498
474
473
479
499
488
553
484
494
487
494
476
486
469
500
487
485
485
494
471
483
494
464
487
485
482
496
494
493
485
471
483
480
471
481
485
493
488
481
470
499
498
489
476
482
485
489
483
498
499
478
484
493
497
470
499
500
470
481
477
488
487
559
493
481
636
482
472
470
484
499
499
471
485
483
506
497
483
487
493
485
497
485
484
483
482
485
546
486
484
482
488
517
481
497
469
489
461
471
498
469
485
483
483
496
493
472
476
482
507
484
480
470
478
498
473
488
486
486
472
489
485
488
479
471
483
487
483
499
499
483
622
488
483
494
482
480
481
473
475
498
485
495
472
470
471
484
502
483
483
482
470
508
549
493
488
485
487
486
470
496
499
482
470
470
482
491
482
482
490
498
504
494
479
512
482
473
488
503
498
497
470
470
469
486
480
487
495
483
484
471
497
497
498
482
484
492
500
489
471
488
470
487
519
487
483
486
471
495
499
480
493
493
494
483
469
498
471
469
547
471
493
481
490
485
505
496
487
483
481
482
483
496
492
471
490
495
475
481
487
488
491
487
500
485
507
484
474
477
485
472
499
481
482
472
553
472
485
482
499
496
486
497
490
478
495
498
489
480
492
482
488
473
480
493
484
538
498
482
558
505
473
473
544
486
473
483
471
486
486
510
485
492
484
499
470
508
471
503
503
473
472
471
486
481
470
485
469
486
484
469
494
494
486
486
491
499
489
497
488
472
493
472
469
483
484
485
493
470
480
473
505
485
470
487
483
484
496
485
491
484
469
484
485
482
470
489
529
490
481
502
498
493
472
483
480
496
480
461
477
493
493
480
501
488
471
487
469
488
493
482
484
483
546
498
489
490
489
484
489
497
470
489
470
486
471
471
571
482
498
471
487
486
492
484
487
499
486
486
471
485
482
493
497
471
498
493
486
488
482
486
495
482
480
496
482
485
488
486
473
494
469
512
485
492
487
471
479
496
470
485
484
486
473
487
494
489
494
544
487
494
486
487
477
486
485
494
488
485
493
510
495
487
485
481
472
485
494
485
500
471
459
472
494
470
484
497
509
471
485
485
584
496
482
470
491
483
471
470
485
480
492
471
498
496
490
497
471
469
505
488
478
483
484
462
484
483
498
481
470
486
539
462
483
498
514
490
492
482
497
483
485
483
469
472
470
480
471
498
485
489
482
485
493
483
484
497
548
470
489
482
481
484
473
487
470
488
472
486
504
471
491
470
494
509
469
505
483
482
562
499
489
498
480
484
492
498
470
489
528
498
463
497
468
499
487
485
484
472
510
486
493
487
470
516
499
501
493
482
485
488
484
480
493
469
475
472
477
547
487
483
496
498
472
480
495
494
501
488
487
484
462
486
501
539
498
498
533
472
481
469
478
485
497
471
486
495
483
538
503
481
489
484
497
483
495
483
486
493
494
512
468
482
482
500
500
474
487
471
484
488
546
494
497
499
487
485
553
495
498
471
492
481
487
485
470
485
483
471
473
473
471
488
493
482
483
508
489
494
471
494
487
489
486
480
471
488
498
471
482
482
497
487
500
470
504
494
541
497
481
470
498
493
485
503
483
474
500
494
476
483
485
483
482
484
493
496
481
471
470
556
462
469
485
486
487
477
510
484
480
491
484
486
488
485
483
495
471
494
469
498
503
482
484
509
503
478
478
494
477
490
460
489
471
481
470
498
500
485
489
472
512
471
472
498
475
494
477
486
494
496
487
502
500
485
473
470
485
315
498
487
473
533
476
481
593
488
470
473
492
495
494
487
488
488
494
507
489
494
483
487
495
471
495
484
500
486
470
487
486
471
470
486
470
583
494
488
492
470
489
484
491
482
471
482
495
494
480
471
496
489
482
493
487
498
494
487
505
496
487
469
484
498
489
487
481
472
484
485
480
494
470
469
529
493
493
568
488
502
498
472
469
498
476
484
487
487
488
500
501
470
489
484
482
470
470
485
485
498
482
488
486
484
549
493
486
487
489
482
486
488
477
481
476
473
486
484
557
485
485
484
477
471
485
485
484
473
471
470
498
488
499
486
485
485
481
498
498
471
494
471
494
481
484
487
486
484
472
484
486
498
469
494
504
488
488
472
471
493
481
486
481
480
482
470
494
542
495
471
476
488
472
491
473
487
461
484
472
482
488
498
496
485
488
472
493
484
502
471
471
487
493
498
493
486
498
499
485
488
483
484
484
491
494
487
471
512
482
488
471
485
487
483
480
509
471
502
503
487
472
481
482
497
499
508
493
482
484
497
470
473
485
497
490
487
498
469
472
480
493
484
483
485
483
471
490
470
502
487
475
490
541
565
577
459
487
492
486
469
490
470
487
498
470
489
488
508
480
485
469
494
486
493
495
489
493
482
484
498
470
469
493
481
471
484
487
494
483
483
482
484
484
481
487
489
571
486
478
469
480
470
486
470
489
509
469
495
485
493
471
567
491
488
488
485
471
486
487
482
493
471
498
487
497
545
492
572
580
573
490
489
498
498
484
501
472
507
481
487
484
493
484
470
494
489
476
482
472
484
484
470
497
470
496
493
489
474
487
480
500
497
482
483
471
540
487
465
485
486
494
505
493
487
489
472
469
489
490
481
493
483
498
499
488
486
471
470
485
495
471
486
481
488
503
484
487
486
486
488
476
487
511
486
481
470
499
473
484
484
488
483
563
469
493
485
485
481
493
486
485
312
469
499
497
498
491
468
488
494
484
485
493
471
497
483
482
469
543
497
485
473
479
481
499
489
495
511
471
494
501
494
484
485
482
498
483
547
495
468
488
545
486
482
496
478
503
494
483
470
481
503
498
484
493
482
493
493
484
480
481
519
486
493
472
496
472
507
469
493
528
496
482
485
471
482
500
485
499
486
494
495
485
494
481
498
490
473
498
480
485
485
486
488
488
492
495
485
493
494
471
497
500
470
471
471
471
486
473
498
470
508
488
493
470
483
484
499
489
485
498
470
483
498
470
523
496
486
485
472
472
494
507
492
499
497
498
502
485
498
489
494
469
469
482
478
508
497
482
470
490
499
499
498
506
498
485
498
496
485
484
534
471
472
482
482
489
487
488
499
470
577
485
486
488
495
484
559
470
485
488
486
490
485
537
504
485
484
485
484
488
495
498
471
485
487
487
485
492
480
472
493
538
499
469
485
486
493
485
484
483
486
484
482
495
488
487
494
473
490
494
472
499
486
497
470
472
487
488
483
505
483
483
497
482
484
488
487
469
489
484
489
491
486
498
481
475
481
461
482
492
484
469
486
491
473
487
486
508
486
470
482
478
481
488
470
494
470
573
502
484
483
498
469
491
486
584
483
487
469
483
497
472
500
489
473
480
481
471
470
481
493
479
481
490
470
470
501
497
488
470
471
489
477
470
481
485
482
482
524
493
470
496
494
498
471
523
483
487
485
482
470
470
471
471
485
502
486
497
493
488
476
494
488
493
480
482
502
494
472
499
488
499
494
481
483
485
470
482
487
473
500
487
488
476
485
485
484
495
499
575
470
489
469
498
482
506
481
497
488
481
471
470
472
489
481
470
492
473
494
504
487
485
481
497
470
470
461
510
487
489
488
471
497
489
494
522
492
480
509
480
498
483
479
498
493
477
484
481
496
470
473
472
492
482
487
487
489
538
483
470
484
499
493
471
470
492
500
484
472
478
498
498
485
499
560
471
484
477
494
493
485
494
481
493
471
516
471
486
487
470
484
488
469
476
484
538
469
499
484
473
472
470
496
489
496
469
482
483
475
503
474
492
484
473
485
486
494
500
486
471
483
471
486
482
482
487
485
471
494
496
470
496
484
470
485
489
498
586
499
486
471
491
487
472
470
470
481
480
480
492
485
503
472
484
489
486
483
