4,237,66,236,236,66,66,66,66,66,66,66,66,66,66,66,66,66,66,66,66,66,66,66,66,66,66,66,66,66,66,66
8,235,236,236,236,66,236,66,66,236,66,236,66,66,66,66,66,66,66,66,66,66,66,66,66,66,66,66,66,66,66,66
12,236,235,237,66,236,236,66,66,236,66,234,66,66,234,235,236,66,66,66,66,236,66,66,66,66,66,66,66,66,66,66
16,233,234,237,236,234,236,234,234,66,66,236,235,66,234,66,236,236,66,234,236,66,66,66,66,66,66,66,66,66,66,66
20,233,233,233,236,234,233,66,233,66,234,66,236,66,233,235,234,236,66,234,236,234,66,66,66,66,237,66,233,66,66,237
24,234,233,236,234,234,234,66,234,66,234,237,236,236,234,234,66,236,234,236,66,234,234,235,66,234,66,233,233,66,66,237
28,234,233,234,234,233,236,229,233,66,234,230,234,236,234,234,229,234,236,66,235,234,234,235,66,236,229,236,234,234,66,234
32,234,237,233,235,234,228,233,234,234,229,234,235,234,234,230,229,235,229,236,234,229,236,230,234,234,229,234,234,234,236,234
36,229,234,234,234,234,228,233,229,233,234,233,234,233,235,229,233,229,235,235,233,233,234,235,234,236,233,230,236,235,234,229
40,233,236,236,234,234,234,233,233,234,234,234,234,234,233,233,236,230,236,234,229,233,229,234,234,236,234,229,230,234,236,229
44,234,234,234,230,230,234,233,229,234,233,236,234,233,234,230,229,234,234,235,237,237,230,236,236,235,235,235,234,230,230,234
48,234,230,234,236,234,234,230,234,230,234,233,234,236,230,236,230,231,231,234,235,234,234,230,230,236,237,234,229,230,235,234
52,234,237,234,234,234,236,230,234,233,233,230,235,231,230,236,236,234,233,234,234,231,230,231,234,231,230,234,230,235,234,235
56,234,234,230,233,230,234,234,234,230,236,234,233,234,230,235,232,233,229,235,236,229,233,229,235,232,232,229,230,230,233,236
60,233,230,236,234,233,236,229,229,229,234,235,230,229,233,229,234,237,236,230,234,229,234,229,234,234,233,234,230,233,232,232
64,234,237,233,234,230,234,229,230,235,235,234,236,229,230,230,234,229,237,229,233,230,231,234,234,234,235,231,234,233,234,230
68,229,233,234,232,229,230,230,233,229,235,235,230,230,229,235,234,234,230,235,230,236,229,237,233,233,232,232,229,233,234,234
72,232,233,233,236,229,233,232,229,228,228,235,235,228,232,234,232,230,233,235,229,236,230,232,234,229,229,232,234,233,229,229
76,229,233,234,229,229,232,234,233,229,229,232,235,229,230,229,232,233,233,234,229,233,233,235,233,229,234,233,235,232,233,230
80,229,229,232,230,234,229,231,229,232,232,233,235,229,234,236,229,234,228,234,229,233,229,233,232,232,236,234,232,233,228,230
84,233,233,238,229,233,232,232,229,229,229,230,233,236,233,233,229,229,230,230,234,232,237,229,234,232,233,236,228,230,233,232
88,229,229,229,233,229,229,238,232,232,236,233,234,232,239,229,232,233,233,233,232,233,234,229,229,229,229,228,233,229,233,235
92,239,229,232,234,229,230,229,229,229,229,238,235,232,236,229,234,232,230,234,233,233,232,233,234,236,230,235,238,232,230,234
96,230,229,229,229,236,237,239,233,233,238,229,236,233,233,232,230,234,233,233,235,232,234,229,238,232,229,232,229,228,228,234
100,237,233,229,229,236,238,234,229,229,232,233,229,232,233,229,233,230,235,232,233,240,238,230,230,236,239,230,233,236,229,234
104,229,233,233,232,229,238,237,232,229,232,239,229,229,230,239,232,239,232,234,229,233,228,235,236,235,233,233,232,233,233,238
108,236,234,229,229,233,237,239,239,229,233,228,229,239,229,232,233,236,234,233,233,238,236,235,229,229,233,229,232,234,233,239
112,238,233,232,233,236,236,233,229,229,229,229,234,229,239,232,235,233,229,236,233,229,229,234,236,238,238,229,232,239,236,229
116,236,233,238,229,229,229,229,234,236,235,233,233,236,230,228,236,232,239,229,233,238,229,232,239,233,233,233,230,237,233,229
120,237,233,232,233,229,230,229,239,230,236,229,233,234,230,229,229,230,237,232,237,236,233,229,238,238,237,233,229,234,239,232
124,229,234,232,230,229,233,232,234,229,237,232,236,229,236,232,239,230,233,232,239,229,229,229,233,238,239,237,233,229,236,236
128,232,230,236,238,233,229,232,229,229,233,229,233,237,229,229,232,232,238,239,233,232,234,229,236,239,229,236,233,236,233,229
132,235,235,229,229,238,233,236,228,237,232,234,236,232,237,229,239,232,229,235,232,229,239,229,234,229,239,229,233,233,229,233
136,235,237,239,236,232,239,233,229,233,233,236,233,229,229,232,238,233,233,232,237,229,229,229,239,229,229,229,229,233,229,233
140,229,232,233,233,236,238,232,229,236,232,229,233,232,236,236,232,233,230,229,238,229,229,229,229,233,238,233,240,229,229,232
144,230,234,236,229,232,239,232,239,229,230,229,229,233,233,234,237,239,229,240,234,237,229,233,236,232,230,229,232,232,230,230
148,236,230,229,234,239,233,232,238,232,229,237,239,230,234,237,234,229,232,229,234,232,232,239,230,230,234,229,233,237,234,233
152,229,239,230,229,229,233,234,240,229,234,233,234,230,230,233,237,237,230,236,237,238,233,235,230,233,237,234,234,239,230,234
156,237,238,237,229,229,232,234,232,234,234,232,240,238,240,230,229,233,232,239,235,230,234,237,233,229,230,234,229,229,230,233
160,237,238,233,229,229,238,229,229,234,229,236,233,238,235,234,230,229,230,233,232,232,233,233,238,237,233,240,233,238,230,238
164,229,233,234,230,230,239,239,232,228,238,229,232,239,240,229,230,229,238,237,236,229,230,233,232,237,234,233,239,229,232,233
168,239,238,230,230,233,230,237,239,229,230,233,233,234,236,230,230,237,233,230,234,232,237,239,229,230,237,238,234,234,234,240
172,230,239,233,230,237,237,234,233,239,230,232,230,233,233,233,230,238,230,235,240,238,229,239,234,240,231,237,237,234,237,233
176,234,238,233,235,239,229,238,233,233,237,239,233,230,237,239,234,234,233,233,238,234,234,235,230,230,235,238,238,231,230,239
180,240,234,234,229,233,229,239,228,240,236,237,238,233,236,234,230,229,230,229,233,234,239,230,230,237,238,232,237,229,237,233
184,234,237,240,228,233,236,228,239,229,232,234,228,234,230,233,232,238,233,237,239,236,240,234,237,234,233,230,239,229,229,239
188,233,232,228,233,233,230,234,239,238,233,236,237,236,237,228,230,238,233,230,234,239,229,234,234,237,239,229,238,233,239,230
192,230,230,239,236,229,234,236,238,235,239,233,233,238,232,232,237,239,229,237,239,230,234,234,230,233,230,237,230,238,232,232
196,232,232,239,237,238,239,236,238,229,237,229,237,234,234,239,232,239,229,230,233,234,237,233,232,229,230,230,230,237,233,230
200,229,238,230,238,237,240,233,229,229,237,239,230,236,233,239,230,232,234,233,233,237,240,233,239,234,230,233,236,229,234,230
204,233,233,238,233,228,233,235,239,237,236,233,230,239,239,237,237,230,239,230,234,230,234,237,229,233,237,230,233,233,236,230
208,233,234,230,233,229,233,235,238,232,234,237,229,233,240,239,237,237,230,237,233,240,234,233,239,237,234,230,235,230,237,236
212,236,234,240,230,236,230,230,233,236,233,234,238,239,233,229,234,233,229,233,239,240,237,234,230,237,236,233,228,228,233,239
216,230,232,235,233,230,233,230,233,234,239,237,237,230,240,239,230,234,240,230,238,237,233,239,230,229,233,229,239,236,232,236
220,229,236,239,239,239,236,239,235,230,240,234,232,229,234,230,234,233,234,230,237,234,232,235,237,237,234,237,233,235,229,230
224,237,236,237,239,229,237,233,234,239,234,230,233,234,234,230,229,237,234,234,230,236,239,240,229,230,240,230,230,234,237,234
228,235,234,229,229,238,237,233,237,233,237,234,230,232,233,240,236,236,229,234,234,233,233,230,230,240,234,237,237,231,231,240
232,233,229,233,230,236,229,229,234,233,230,237,230,239,234,237,229,230,236,237,237,239,240,230,239,233,234,236,233,239,234,234
236,229,236,229,229,238,239,233,233,233,235,238,232,237,236,234,233,229,234,237,237,230,229,233,229,234,235,240,233,235,238,229
240,233,228,240,234,232,233,229,239,230,235,239,229,236,232,236,238,235,236,233,233,232,234,230,229,234,232,230,236,239,229,232
244,233,232,229,236,230,238,229,235,232,236,229,236,233,233,239,230,233,238,233,235,236,236,239,233,228,236,229,232,229,237,237
248,239,233,237,229,234,234,235,232,230,232,238,239,229,238,229,229,233,236,234,233,230,236,233,236,233,230,236,233,234,230,239
252,229,233,239,236,235,233,238,238,230,233,235,239,234,236,235,237,234,232,229,233,228,236,237,232,229,229,228,232,233,230,234
256,236,229,232,233,230,238,236,229,239,235,236,238,230,233,234,233,228,238,234,236,230,234,234,229,234,236,232,234,232,229,229
