105
105
105
105
105
105
105
40
105
105
105
105
105
105
105
40
105
105
105
105
105
105
105
105
105
105
105
105
105
105
105
105
105
105
105
246
105
105
105
105
105
105
105
246
105
105
105
105
105
105
105
247
105
105
105
105
105
105
105
249
105
105
105
105
105
105
105
242
105
105
105
105
105
105
105
242
105
105
105
105
105
105
105
245
105
105
105
105
105
105
105
246
105
105
105
105
105
105
105
248
105
105
105
105
105
105
105
249
105
105
105
105
105
105
105
105
105
105
105
105
105
105
105
105
105
105
105
