64,726,110,110,109,257,110,109,109,255,110,110,109,256,110,110,109,247,110,110,109,251,110,110,109,247,110,110,109,250,110,110,109,247,110,110,109,252,110,110,109,247,110,110,109,251,110,110,115
68,726,110,110,109,256,110,109,109,254,110,110,109,257,110,110,109,247,110,110,250,110,110,110,246,110,110,110,250,110,110,110,246,110,110,251,109,110,110,248,109,110,110,252,109,110,110,251,115
72,724,110,110,109,257,110,109,109,254,110,110,254,110,110,110,247,110,110,251,109,110,110,247,109,110,252,110,109,110,247,110,109,252,110,110,109,247,110,110,109,252,110,110,251,110,110,110,259
76,745,110,110,109,257,110,109,253,110,110,110,256,110,110,247,109,110,251,110,109,110,248,110,109,250,110,110,247,110,110,110,250,110,110,248,109,110,110,252,109,110,251,110,109,253,110,110,115
80,742,110,110,109,257,110,109,254,110,110,257,109,110,248,110,109,250,110,110,109,247,110,110,250,110,110,247,109,110,251,110,109,247,110,110,109,251,110,110,250,110,110,254,109,110,252,110,115
84,725,110,110,109,257,110,109,253,110,110,258,109,110,246,110,109,250,110,110,246,110,110,251,109,110,247,110,109,252,110,110,247,110,110,252,109,110,252,110,109,252,110,110,251,110,110,254,115
88,728,110,110,255,110,110,254,109,110,258,110,109,247,110,110,250,110,110,248,109,110,251,110,109,247,110,110,250,110,110,248,109,252,110,110,251,110,110,254,109,110,253,110,109,254,110,110,256
92,730,110,110,256,110,110,254,109,110,257,110,109,247,110,251,109,110,248,110,109,250,110,110,245,110,110,251,109,247,110,110,251,110,110,251,109,110,253,110,250,110,110,253,109,110,252,110,115
96,726,110,110,256,110,110,254,109,258,110,110,246,110,110,251,109,248,110,110,249,110,110,247,109,253,110,110,246,110,110,252,109,251,110,110,253,110,110,251,109,254,110,110,251,110,110,248,115
100,718,110,110,257,110,110,253,109,257,110,110,246,110,251,110,109,247,110,250,109,110,248,110,109,252,110,248,109,110,252,110,251,110,110,254,109,252,110,110,253,110,252,110,109,248,110,110,257
104,711,110,110,257,110,256,109,109,258,110,248,109,110,251,110,246,110,110,252,109,248,110,110,252,110,248,110,109,252,110,252,109,255,110,110,252,110,255,110,109,253,110,249,109,110,253,110,253
108,712,110,110,257,110,256,109,109,259,110,248,109,251,110,110,247,110,251,110,248,110,110,253,109,249,110,110,252,110,254,110,255,110,110,253,109,256,110,253,109,110,249,110,251,110,110,249,115
112,710,110,110,256,110,255,109,256,110,110,249,109,252,110,249,109,253,110,110,248,110,253,110,247,110,110,252,109,252,110,256,109,253,110,110,254,110,253,110,248,110,110,252,109,248,110,255,115
116,705,110,110,256,110,255,109,256,110,248,110,109,251,110,248,109,252,110,248,109,252,110,110,247,110,253,110,252,110,255,110,252,110,110,254,109,252,110,249,109,252,110,249,109,110,254,110,258
120,720,110,110,256,110,254,109,256,110,248,110,250,110,248,110,251,110,110,247,109,252,110,248,109,252,110,252,109,254,110,252,109,254,110,110,251,110,248,110,252,110,248,110,254,110,252,110,259
124,720,110,110,256,110,255,109,256,110,248,110,250,110,248,110,250,110,247,110,252,110,247,110,252,110,252,110,252,110,253,110,252,110,110,251,109,248,110,251,109,248,110,254,109,252,110,253,115
128,716,110,258,109,254,110,256,109,248,110,250,109,248,110,252,109,248,110,252,109,247,110,252,109,252,110,254,109,252,110,254,109,253,110,248,109,252,110,247,109,253,110,252,109,255,110,252,115
132,720,110,256,109,254,110,257,109,248,110,251,109,248,110,251,109,248,110,251,109,249,110,251,109,252,110,254,109,251,110,253,109,252,248,110,251,110,248,110,253,110,251,110,253,110,251,110,262
136,709,110,257,109,255,110,257,109,248,110,251,109,249,110,251,109,249,253,110,247,110,252,110,251,110,255,110,252,110,254,110,251,249,110,253,109,249,110,256,109,252,110,255,109,252,110,259,115
140,706,110,258,109,255,110,256,109,247,110,252,246,110,251,110,246,110,252,110,247,110,252,252,109,254,110,253,109,254,110,252,109,248,252,110,247,110,254,110,251,110,255,110,252,259,110,256,115
144,704,110,258,109,256,110,257,109,248,251,110,247,110,251,110,248,252,110,248,109,252,110,252,109,255,252,110,254,110,253,110,248,253,110,248,109,254,110,253,109,254,253,110,257,110,255,110,262
148,704,110,258,109,255,110,256,246,110,251,110,247,110,252,248,109,253,110,248,109,252,252,110,254,110,252,255,109,252,110,248,109,252,249,110,255,110,253,110,254,252,110,258,109,256,258,110,261
152,726,110,257,109,254,110,257,246,110,251,110,247,250,110,247,109,252,248,110,250,110,253,254,109,252,110,253,251,110,247,110,251,247,110,253,109,251,110,253,252,110,257,110,255,257,110,256,115
156,725,110,257,109,255,257,109,246,110,251,247,109,251,110,247,251,110,247,110,250,251,110,253,250,110,254,110,251,247,110,252,109,249,255,110,250,110,254,251,109,257,110,255,255,110,255,250,115
160,734,110,257,109,254,257,109,247,251,110,247,109,250,247,110,250,247,110,251,109,251,254,110,250,253,110,252,109,248,253,110,247,254,110,251,109,254,252,110,255,254,110,257,109,256,251,110,253
164,768,110,258,109,254,258,109,246,250,110,248,250,110,247,110,251,249,110,251,250,110,254,252,109,254,252,110,247,110,251,247,109,255,252,110,252,252,110,256,109,256,257,110,253,252,110,247,255
168,729,110,257,109,255,258,109,246,251,110,247,249,110,247,253,109,247,252,110,251,254,110,252,253,110,251,248,109,252,247,110,252,251,110,253,109,252,256,110,255,257,110,254,249,110,247,251,115
172,726,110,256,254,110,257,246,109,252,248,110,249,247,110,252,246,110,251,251,109,254,251,110,253,252,110,247,251,110,247,254,109,252,254,110,250,256,110,255,256,110,255,250,109,247,251,110,252
176,731,110,257,253,110,258,247,109,250,248,110,250,248,110,252,246,251,110,252,254,110,251,253,109,253,249,110,250,248,110,254,251,254,110,251,256,110,254,256,109,255,251,110,247,251,110,248,253
180,726,110,257,254,110,258,247,109,251,247,250,109,247,253,110,248,252,110,253,254,252,110,255,252,110,248,252,109,248,255,253,109,254,252,110,256,256,258,110,255,251,110,248,249,110,248,247,256
184,721,110,258,253,110,257,247,250,110,248,251,109,248,253,248,109,252,251,110,253,252,255,110,251,247,110,252,247,254,110,251,254,252,110,256,254,110,257,255,250,110,248,251,109,248,248,252,115
188,709,110,257,255,110,257,248,251,110,248,251,247,110,253,248,251,110,252,255,109,252,254,252,109,249,252,248,109,255,253,254,109,254,259,110,255,258,256,110,250,248,252,110,248,248,252,110,254
192,704,110,258,255,257,110,246,250,248,110,250,247,252,110,248,251,252,110,254,251,254,110,252,247,252,110,248,253,252,110,254,251,257,110,255,257,255,110,251,246,251,110,247,246,250,110,248,256
196,706,110,257,254,258,110,247,250,248,110,251,248,253,110,248,251,252,254,110,251,255,253,110,248,253,249,110,253,253,255,110,252,258,256,259,109,256,252,248,109,251,248,248,109,251,248,252,115
200,707,110,258,255,258,110,247,251,249,252,110,247,253,248,110,251,251,254,252,109,254,252,248,109,253,248,254,251,110,254,253,257,257,110,259,254,251,110,249,251,249,249,110,251,249,252,110,262
204,721,110,256,253,257,110,247,250,247,250,110,248,252,248,252,109,252,254,252,254,110,252,247,251,249,110,253,252,254,251,110,255,255,257,255,109,250,248,252,247,110,248,250,247,251,110,255,262
208,725,110,257,255,257,247,109,250,248,251,247,109,252,247,251,250,255,110,251,252,251,247,110,251,248,253,252,109,254,252,256,255,257,110,255,249,247,251,110,246,247,252,247,109,251,254,257,260
212,726,110,256,254,257,248,109,250,247,251,248,251,110,247,251,250,255,251,110,253,252,247,251,248,110,254,252,252,252,257,110,254,256,256,251,109,247,251,248,246,250,110,248,249,256,257,255,115
216,727,110,257,253,256,246,248,109,248,250,248,250,247,110,252,251,253,251,255,250,110,248,252,247,254,251,110,253,252,256,256,256,254,110,250,246,250,247,247,109,251,248,251,255,257,110,254,262
220,727,110,258,253,257,248,250,247,110,251,248,251,247,252,251,109,254,251,255,251,247,251,110,247,253,251,255,251,258,110,254,256,255,250,248,250,110,247,248,250,247,250,254,109,256,254,256,257
224,728,110,256,254,258,246,250,246,250,110,248,251,247,251,251,253,251,110,254,251,248,252,247,253,251,110,254,252,256,255,257,253,251,110,247,250,248,248,251,246,250,110,255,255,255,257,251,260
228,727,110,256,253,256,249,250,246,251,248,110,250,247,252,251,252,251,253,251,109,248,251,249,252,252,255,251,255,110,254,257,254,250,248,251,246,248,110,251,246,251,255,256,254,257,251,110,260
232,741,110,258,254,257,248,250,246,251,248,252,109,248,252,252,253,252,254,251,247,252,248,110,254,252,254,252,256,255,257,255,250,247,110,251,247,247,251,247,250,256,257,255,109,257,251,254,256
236,718,110,257,254,258,248,250,246,251,248,251,247,252,110,252,253,252,254,252,246,252,247,254,251,255,253,110,256,255,258,255,250,249,250,247,247,251,248,251,109,255,258,255,256,252,254,252,259
240,710,110,257,254,257,247,251,247,251,248,253,247,252,252,254,251,255,110,251,247,252,248,254,250,253,252,257,254,257,256,252,247,251,110,248,247,251,248,252,255,257,256,258,252,255,252,254,253
244,714,110,257,255,257,247,250,247,251,249,252,247,252,252,255,251,254,252,248,252,248,254,110,251,254,252,257,254,257,255,251,247,251,248,247,250,248,251,255,257,256,257,252,109,254,252,255,253
248,733,110,257,254,258,249,251,247,252,248,252,246,252,253,255,252,255,253,249,252,247,255,253,254,252,258,256,257,256,252,248,249,248,110,248,250,248,252,256,257,256,258,252,253,252,254,247,258
252,726,110,258,255,258,248,250,246,250,248,253,247,253,252,254,251,254,252,248,252,248,255,253,254,253,257,256,257,256,252,248,250,248,249,252,247,251,255,258,255,258,252,255,251,255,249,253,254
256,722,257,255,257,248,251,247,250,248,253,249,251,253,255,253,254,252,248,253,246,254,253,255,251,258,256,258,254,250,248,252,246,249,252,248,250,255,257,255,256,251,254,252,254,248,253,248,257
260,726,258,255,257,247,250,247,250,247,252,247,252,252,255,253,254,252,248,252,248,254,251,254,251,257,256,258,255,251,248,250,247,247,251,249,251,255,258,255,257,252,254,253,254,248,253,249,257
264,724,257,254,256,248,251,246,250,248,252,248,251,252,254,252,253,251,247,253,247,253,253,254,250,257,255,257,254,252,247,250,246,251,247,251,254,256,254,258,250,253,252,253,246,252,247,252,260
268,725,256,255,256,246,251,247,249,247,251,247,250,251,254,253,251,252,248,252,247,254,251,251,257,255,257,255,250,248,251,247,247,251,248,251,254,257,255,257,251,253,251,253,250,247,251,254,257
272,724,258,254,256,248,251,247,249,247,252,248,250,251,254,252,253,249,251,246,253,251,255,252,256,254,257,255,249,247,252,247,246,248,251,255,255,255,257,251,253,252,255,247,250,247,252,254,257
276,725,256,256,256,247,250,247,250,248,252,248,252,250,252,255,251,247,251,247,252,251,253,253,257,255,257,250,246,250,247,247,249,247,249,256,257,254,256,251,251,254,248,253,246,251,253,251,258
280,755,257,255,256,248,249,246,249,248,252,247,252,253,252,255,250,247,252,248,251,252,255,257,254,256,256,251,247,251,247,248,249,250,255,257,253,257,252,252,251,255,248,252,250,254,252,255,256
284,776,256,255,254,248,252,247,249,247,251,252,252,253,250,255,251,248,251,249,251,253,253,257,253,258,254,250,246,247,247,250,245,250,255,258,254,258,254,252,252,247,251,247,250,255,252,251,257
288,732,256,255,255,247,250,247,249,251,247,252,252,254,251,253,251,252,248,254,250,254,252,257,255,255,250,248,250,247,246,250,246,255,257,254,256,253,253,251,252,251,247,253,254,252,255,253,256
292,724,257,256,257,248,251,246,250,251,248,252,251,255,252,254,247,252,248,255,252,255,253,256,257,255,251,248,251,249,252,248,250,256,258,256,257,255,252,255,248,253,248,251,250,254,252,252,254
296,719,257,255,256,248,251,246,246,252,247,252,251,253,254,251,246,252,248,255,250,252,258,256,256,254,251,250,247,248,251,248,251,257,256,257,251,254,252,254,250,248,252,255,251,254,253,248,256
300,707,258,256,257,248,251,250,246,252,248,253,252,253,255,253,247,252,248,253,254,252,258,257,256,252,249,251,248,249,252,251,255,258,256,258,253,253,255,249,251,248,255,253,255,252,253,249,254
304,710,258,256,257,248,250,249,246,252,247,251,254,252,255,252,247,248,255,252,253,253,258,258,255,252,248,250,248,252,249,252,255,256,257,252,253,253,254,252,247,252,255,252,251,253,248,253,254
308,711,259,256,257,247,247,250,248,253,249,253,255,253,254,253,252,249,255,253,254,258,256,258,255,252,252,248,247,252,249,255,257,256,259,253,252,255,250,252,248,255,252,255,252,253,253,250,257
312,719,258,256,257,248,248,251,247,252,249,252,254,252,255,248,250,248,255,252,252,257,254,256,250,248,252,248,246,247,251,255,256,256,253,255,252,255,251,248,250,255,252,253,252,248,252,252,252
316,724,257,254,255,247,247,250,246,252,252,252,254,252,252,248,251,247,253,254,251,257,255,255,250,248,250,247,249,247,251,256,254,257,251,253,252,248,252,247,252,252,253,251,247,251,248,250,256
320,732,257,254,256,251,248,250,247,247,251,251,252,253,251,247,250,254,251,253,251,255,256,254,249,250,247,247,250,250,254,257,254,251,253,252,253,252,248,252,252,254,252,252,247,248,251,248,256
324,723,258,255,256,251,248,250,246,247,252,252,254,253,251,248,250,253,252,254,255,255,258,254,246,251,247,247,246,252,254,257,256,253,254,254,247,252,247,254,251,254,251,248,252,247,251,251,252
328,727,257,255,256,251,248,250,246,247,251,251,250,253,253,247,246,254,252,251,257,256,257,252,246,250,247,250,246,250,257,255,257,254,251,254,247,248,252,253,250,252,251,247,247,251,248,251,262
332,728,258,255,256,249,247,249,250,248,252,251,250,253,252,252,246,254,254,252,255,255,255,251,247,248,248,251,250,255,256,255,251,254,251,247,251,248,251,252,253,252,248,251,247,248,252,248,262
336,728,257,255,257,252,248,250,250,247,251,253,252,254,247,253,246,252,254,251,255,257,255,251,250,248,248,248,250,255,254,257,252,252,254,247,251,251,254,252,251,252,248,248,249,247,247,257,260
340,727,256,254,256,251,247,249,251,248,252,253,251,255,247,251,246,251,254,252,254,256,254,247,249,248,251,248,250,257,254,257,254,252,254,251,246,251,251,254,251,248,251,248,247,251,248,255,262
344,731,257,255,247,251,247,248,251,248,252,255,251,252,248,252,253,252,253,257,254,256,250,247,250,248,251,248,254,257,255,251,252,255,247,251,250,253,251,252,251,248,248,251,247,248,256,256,260
348,729,257,255,246,251,248,247,252,247,251,254,251,252,248,248,254,253,251,257,255,255,252,248,245,247,250,250,253,256,257,251,252,253,247,247,251,255,255,252,247,252,248,248,250,247,254,257,260
352,731,256,254,246,250,249,246,250,252,251,255,253,250,248,248,253,255,252,257,255,256,252,250,247,251,247,251,255,254,257,254,250,248,251,247,254,252,253,251,246,248,251,248,247,257,255,255,262
356,729,257,255,246,252,248,247,252,253,250,253,253,252,252,248,252,254,252,255,256,255,246,251,247,252,249,254,256,256,251,253,252,247,251,252,253,254,253,251,250,247,247,251,247,256,257,255,261
360,727,256,254,246,251,250,246,252,252,252,251,254,252,252,247,250,253,252,255,256,252,248,250,246,250,250,254,256,258,252,252,253,251,249,251,249,253,252,247,252,250,247,248,255,254,254,256,262
364,719,257,255,247,251,251,247,249,252,251,252,253,247,251,248,251,254,257,255,255,251,248,247,247,248,251,256,254,257,254,253,246,252,248,254,252,252,252,252,248,250,250,248,254,258,256,254,262
368,714,257,255,247,252,251,246,247,252,252,252,254,248,253,254,251,253,258,255,254,251,251,249,250,248,251,258,255,252,255,255,248,249,252,255,253,253,248,252,250,248,252,258,254,255,258,257,260
372,769,257,256,247,251,251,247,247,252,254,252,253,248,253,254,251,252,257,258,254,248,251,248,250,248,255,258,256,252,252,254,251,248,253,251,253,252,247,247,250,251,248,255,257,255,256,257,255
376,707,258,256,248,251,252,247,248,252,255,253,252,249,249,255,254,253,258,258,255,248,251,249,251,252,256,256,258,255,254,249,252,253,255,254,252,253,253,248,247,252,258,256,255,258,258,256,254
380,713,257,255,247,251,251,247,247,252,255,252,251,247,248,254,253,252,256,257,250,247,248,249,246,252,258,256,251,255,255,249,247,252,255,255,251,249,253,252,247,248,257,258,255,256,257,251,253
384,712,257,257,247,248,250,252,247,252,255,253,251,251,248,251,253,257,255,256,250,251,247,251,247,255,257,257,252,252,254,251,246,254,252,252,250,252,249,249,251,257,255,255,256,257,255,248,255
388,719,257,257,246,247,250,250,246,252,254,253,250,251,249,252,254,257,255,255,249,250,248,251,247,255,257,258,250,251,254,251,246,254,255,252,247,252,250,246,246,257,257,256,254,258,251,248,252
392,717,258,258,247,248,251,250,245,253,253,254,252,253,249,252,254,258,257,254,247,250,248,251,250,256,255,258,253,252,248,251,252,252,254,253,247,247,251,250,246,254,258,256,255,256,252,251,253
396,717,257,256,246,247,250,250,246,252,255,255,247,252,254,251,252,258,257,254,247,251,248,248,250,257,256,252,252,254,247,247,251,252,253,252,251,248,247,250,256,255,255,257,257,251,248,247,256
400,713,257,257,246,248,252,252,247,252,252,254,247,251,254,252,251,254,257,251,246,248,248,248,250,258,257,253,251,254,253,248,253,255,253,248,251,251,248,248,257,258,258,257,255,251,252,249,254
404,706,258,257,247,249,251,252,252,254,252,253,247,251,254,255,253,256,259,251,247,248,252,248,255,258,259,255,252,249,253,253,253,256,253,248,247,252,252,248,254,255,259,258,255,248,248,251,258
408,697,257,257,247,249,252,253,252,253,253,255,248,249,254,255,252,256,256,251,250,248,252,252,255,257,259,255,255,249,249,253,251,253,253,253,247,249,252,258,257,256,257,258,251,252,249,249,258
412,722,256,257,246,247,248,251,251,252,253,252,247,247,253,254,256,255,255,251,250,247,251,252,256,255,252,254,254,252,248,254,251,252,249,252,249,248,247,255,255,257,255,256,247,251,252,252,252
416,726,257,256,246,247,248,250,251,254,252,252,248,247,251,254,256,258,255,247,250,247,247,250,256,257,252,252,253,252,251,253,252,252,248,247,250,250,257,255,254,254,257,251,247,248,248,252,259
420,731,257,257,247,248,249,251,251,255,252,251,250,247,252,254,256,256,254,247,246,247,247,254,256,257,255,252,247,251,251,251,253,253,252,247,246,247,257,257,253,255,255,250,249,253,247,247,256
424,726,257,255,246,248,247,251,251,253,251,252,251,247,252,252,256,257,250,247,246,250,248,254,254,257,254,254,246,247,253,251,251,247,252,251,246,247,256,257,255,257,255,247,247,252,253,253,257
428,725,258,256,249,248,248,246,251,254,253,251,251,253,252,252,254,256,251,251,247,251,252,254,254,252,255,253,250,247,254,254,251,248,248,251,250,257,254,255,254,256,250,250,247,247,248,254,258
432,724,257,257,249,247,247,246,251,254,254,252,251,253,251,251,254,255,251,251,246,250,250,257,254,251,251,253,250,251,253,253,251,251,247,247,246,257,256,256,255,255,248,251,251,251,247,252,257
436,726,256,258,249,247,248,247,250,254,254,248,251,254,254,252,254,255,251,250,246,248,250,256,257,251,251,247,250,251,251,251,252,252,251,247,247,255,255,256,256,251,248,247,246,252,254,254,252
440,724,257,256,249,247,247,246,250,253,253,247,251,254,254,257,254,255,247,249,247,247,255,257,256,253,251,247,246,253,252,251,247,247,250,250,256,255,254,254,253,250,250,252,246,247,251,251,252
444,727,257,257,249,247,247,247,249,253,255,249,247,252,253,257,255,254,247,248,247,248,256,255,255,253,253,252,246,255,254,251,246,247,247,250,255,257,257,254,254,247,247,251,250,253,253,251,256
448,730,256,257,251,251,247,247,251,251,253,248,248,253,253,257,256,252,248,247,250,251,254,255,251,252,253,251,251,252,254,251,251,251,248,247,254,254,257,258,250,251,249,247,247,252,253,248,253
452,731,256,256,251,250,246,246,250,252,254,247,247,252,254,257,256,250,250,247,250,251,257,254,252,252,247,251,250,251,251,252,251,251,250,257,255,254,254,255,249,250,252,251,246,252,251,251,252
456,740,256,258,250,250,247,246,251,253,251,247,248,250,251,258,257,250,251,248,251,251,256,257,250,251,247,247,252,252,253,247,246,248,252,256,255,256,255,255,246,247,247,252,253,253,246,251,256
460,723,256,257,250,251,247,246,250,251,252,248,247,252,252,255,256,250,251,247,246,251,257,257,253,254,247,248,252,253,252,248,247,247,248,255,256,257,258,251,250,248,248,247,251,252,248,249,257
464,713,257,258,250,251,252,247,251,252,251,252,246,251,252,256,255,247,251,247,245,255,256,257,252,254,252,250,254,254,251,251,250,250,247,256,255,256,255,251,250,252,251,254,250,252,252,252,260
468,709,257,256,250,251,253,247,251,252,252,252,253,252,252,256,255,248,248,248,247,256,256,253,252,255,253,253,252,252,248,252,250,251,257,258,255,255,255,249,247,248,252,255,254,248,248,252,260
472,718,258,257,250,251,251,251,251,251,251,252,253,254,252,255,254,248,247,250,250,256,255,252,252,247,249,252,251,251,247,248,248,248,258,257,256,257,251,252,247,248,248,252,251,252,248,252,257
476,712,257,257,250,251,251,250,252,252,253,252,254,254,257,258,254,248,247,250,249,256,257,252,251,247,248,254,252,252,248,248,247,248,256,255,254,257,251,251,251,253,255,254,252,252,252,255,259
480,712,257,257,250,251,251,251,254,255,252,252,253,256,258,257,250,251,248,251,250,258,257,255,253,252,248,254,253,251,252,252,251,257,256,255,255,256,249,249,247,249,255,254,247,248,252,252,260
484,713,258,257,250,251,252,250,252,254,249,253,254,254,257,257,249,251,248,248,250,257,258,255,254,252,252,252,252,253,253,251,250,258,258,258,257,252,248,248,248,248,253,252,251,253,255,253,261
488,712,257,257,250,252,253,252,254,254,247,247,253,254,257,258,250,251,248,249,254,255,251,255,255,252,252,252,250,247,247,248,248,256,257,258,257,251,251,253,251,255,255,247,251,253,255,254,263
492,701,257,257,250,252,254,251,254,255,248,248,252,252,258,258,250,252,248,248,254,255,253,253,248,249,255,253,251,249,249,249,247,255,255,255,255,248,249,249,252,255,255,249,248,253,253,257,262
496,709,257,258,250,252,253,252,254,255,248,248,251,253,256,256,248,249,248,248,255,255,253,253,247,248,254,254,251,252,251,251,256,257,255,256,256,249,249,249,247,253,253,253,252,255,255,258,263
500,724,258,256,250,250,252,251,253,253,247,248,251,251,254,255,247,247,251,251,256,258,254,252,247,248,254,254,250,251,250,250,256,257,256,257,250,251,253,251,253,254,247,247,251,253,254,257,262
504,724,257,257,250,251,252,251,253,254,247,247,250,252,255,255,247,248,251,251,256,257,253,254,251,252,252,252,247,248,248,248,255,255,257,257,250,250,251,252,253,254,248,248,251,252,255,255,252
508,723,257,257,250,250,251,250,253,254,248,247,250,252,255,255,246,248,252,251,256,256,253,254,251,252,252,253,247,247,247,248,254,255,256,255,246,247,247,247,251,251,252,251,253,254,257,257,255
512,723,254,247,247,248,247,251,251,252,252,254,253,257,256,251,249,247,248,255,254,252,252,247,247,254,254,252,250,250,250,257,256,256,256,250,249,251,251,254,253,248,247,251,251,255,256,248,252
516,717,256,248,247,248,248,250,251,252,252,254,253,257,257,252,250,247,248,255,254,252,252,248,248,255,254,251,251,251,251,257,257,258,258,251,249,251,253,254,254,248,248,252,251,255,256,248,253
520,727,255,249,245,246,248,251,250,251,251,255,252,256,257,252,249,247,247,255,255,252,250,247,248,253,253,252,251,251,250,256,257,256,255,248,245,248,248,252,250,253,252,253,253,257,256,250,255
524,726,255,247,247,248,247,250,250,251,253,254,254,256,257,251,250,248,248,255,254,252,252,252,251,251,251,247,247,247,248,256,253,254,254,247,246,247,247,251,251,253,252,254,254,254,247,247,255
528,732,255,248,247,248,248,251,250,250,252,253,252,258,257,250,249,250,252,257,257,254,254,253,250,251,251,248,247,248,248,256,254,257,250,250,250,251,254,254,247,249,252,252,254,255,246,247,255
532,726,254,247,247,247,248,250,251,252,251,254,253,255,254,248,246,250,249,257,256,254,255,251,249,252,252,252,251,250,256,256,256,258,251,251,251,251,254,253,250,251,253,254,256,257,251,251,253
536,727,254,248,247,248,248,250,250,251,252,254,249,254,254,248,246,251,249,256,256,254,253,247,254,254,251,251,249,250,257,256,256,256,247,247,246,247,252,252,250,253,253,254,254,248,247,250,255
540,724,255,247,246,247,247,251,250,251,251,252,251,254,255,248,247,251,251,257,251,252,247,248,253,253,251,250,249,247,254,254,254,254,247,247,246,247,254,248,245,252,252,255,254,247,246,247,252
544,731,254,248,247,248,247,251,251,248,247,252,250,255,254,247,246,246,255,255,252,251,247,248,253,251,247,247,247,247,255,255,254,251,250,251,250,254,254,248,247,254,254,258,255,250,251,247,252
548,710,255,247,247,248,248,251,252,248,248,252,251,256,255,248,247,249,256,255,251,253,248,253,252,253,249,249,247,248,258,257,256,252,252,253,252,253,253,253,252,255,256,259,247,249,253,251,264
552,708,256,248,247,248,248,251,253,248,248,253,252,254,250,251,246,248,255,255,251,254,252,252,251,253,248,251,250,257,257,258,256,248,248,248,247,252,252,252,251,253,256,256,246,249,248,248,261
556,709,255,247,246,248,248,252,253,247,248,253,251,258,251,251,247,248,256,258,253,254,253,252,251,252,252,251,250,258,258,255,254,248,248,248,253,255,248,248,252,252,258,257,250,251,249,248,263
560,714,255,248,246,248,248,253,253,248,248,252,255,258,251,251,246,252,258,257,253,254,253,254,253,252,252,251,248,255,255,255,255,251,252,252,253,254,248,252,253,255,257,258,246,251,251,257,262
564,724,255,247,246,247,252,254,253,249,249,255,256,256,251,250,250,251,258,258,254,247,247,254,253,253,249,249,247,255,256,258,251,251,252,252,252,252,252,252,253,255,256,248,248,252,248,255,260
568,830,256,248,247,249,253,254,253,247,248,255,257,258,251,249,251,252,257,257,251,248,248,253,251,248,249,249,248,257,258,258,250,248,247,248,252,252,247,251,251,256,255,251,250,248,248,258,260
572,725,256,249,247,247,252,254,254,248,255,254,257,258,249,249,251,252,258,253,251,249,249,253,251,248,248,251,257,258,258,256,248,248,248,248,254,248,248,252,254,258,258,252,251,252,258,257,257
576,723,255,248,247,253,252,253,253,252,253,255,257,256,249,249,250,256,255,251,252,252,252,253,250,252,251,251,257,255,255,255,246,251,252,254,254,252,252,255,254,256,248,247,250,247,254,255,257
580,727,255,249,246,251,251,252,252,251,254,253,256,255,247,248,250,256,255,252,253,252,252,252,250,251,251,251,254,256,254,255,250,252,251,253,251,252,252,251,253,254,247,250,246,247,256,253,258
584,730,256,249,246,253,252,253,252,252,253,253,255,254,248,247,246,255,255,253,253,250,252,254,251,252,247,247,254,254,257,251,249,248,246,251,252,248,250,253,254,257,251,251,250,257,257,253,256
588,726,254,247,247,251,252,253,251,251,254,254,252,254,248,246,245,254,257,254,252,251,254,253,250,248,248,246,256,257,256,251,246,248,247,254,246,247,251,253,256,257,248,251,250,255,253,252,256
592,728,255,247,247,252,253,253,251,253,254,251,255,255,250,247,247,258,255,254,253,247,253,253,246,247,248,257,256,258,255,248,245,251,254,254,247,252,255,253,255,247,247,247,246,255,254,253,256
596,743,255,247,246,250,253,253,250,251,255,251,254,255,250,247,247,258,256,254,247,247,254,252,246,247,251,258,256,255,256,248,251,253,254,252,252,252,252,256,255,250,250,248,256,257,255,251,252
600,723,254,247,249,251,251,250,250,251,253,253,254,251,251,247,250,256,257,253,247,247,252,252,247,251,251,258,254,255,255,251,251,247,253,253,248,253,252,257,256,251,251,251,257,256,252,253,257
604,731,256,249,250,251,252,250,251,252,252,252,255,250,251,251,251,258,252,253,248,252,253,252,251,252,252,255,255,258,251,251,247,249,253,248,247,252,255,258,247,248,252,249,255,255,253,252,257
608,725,254,247,250,251,252,252,252,248,253,252,257,251,250,251,251,255,253,252,252,253,252,252,251,248,248,255,256,258,252,248,247,254,254,248,250,254,254,255,247,251,248,248,257,255,255,248,253
612,725,256,248,250,252,251,251,250,247,252,251,257,252,249,252,250,255,252,254,251,253,255,253,252,247,248,257,256,258,249,249,251,255,254,253,252,252,256,256,250,251,252,257,257,252,253,249,258
616,741,255,247,249,252,251,251,252,248,252,258,256,250,247,251,253,255,253,254,252,255,254,252,247,248,258,258,257,255,248,253,251,252,252,252,250,252,257,256,250,251,251,255,254,253,253,253,260
620,724,255,247,249,251,253,251,251,247,252,257,255,247,247,250,254,255,254,254,246,255,252,247,247,250,256,257,254,255,250,253,246,251,251,247,250,254,257,247,246,252,247,254,253,254,252,247,259
624,722,255,246,249,251,252,251,247,248,251,257,256,247,247,247,253,257,254,254,247,253,252,247,249,251,257,255,254,251,251,247,246,254,248,248,253,253,254,248,250,248,246,257,252,251,247,252,257
628,726,255,247,249,251,252,251,247,248,254,256,256,247,247,247,254,257,253,247,246,252,252,248,250,252,255,255,256,251,247,248,253,254,248,252,254,256,255,250,249,250,257,255,252,252,251,251,258
632,740,255,246,249,250,252,251,247,248,253,256,253,247,248,247,256,256,254,248,246,250,253,251,249,247,254,257,256,247,247,251,252,251,252,252,251,255,256,250,249,249,255,255,253,252,247,253,252
636,717,254,247,249,252,253,252,246,248,255,257,254,248,248,247,256,257,252,248,251,252,252,252,247,248,258,258,254,248,252,252,251,252,252,252,251,257,258,248,251,248,255,255,253,248,248,252,253
640,727,254,251,249,248,252,253,246,253,254,255,254,251,248,251,255,251,252,252,251,254,252,248,246,257,257,255,253,250,252,249,251,248,247,253,252,255,248,251,247,257,255,252,251,252,252,254,257
644,726,254,250,249,248,251,253,247,255,254,254,254,251,246,251,255,252,252,252,250,253,251,247,247,257,257,255,253,250,251,247,250,247,251,254,254,254,251,251,250,257,253,251,251,252,254,254,253
648,725,254,250,249,247,252,253,248,253,254,255,254,251,247,250,256,251,253,252,253,254,247,248,250,258,254,254,250,251,247,248,253,250,251,251,255,257,250,250,249,255,255,254,251,248,254,247,252
652,730,255,251,250,248,252,252,246,254,254,254,249,252,251,251,254,251,253,251,252,254,247,251,251,255,255,256,250,247,247,253,251,252,253,252,255,257,247,250,246,256,255,253,246,253,252,252,256
656,727,254,250,248,248,252,252,246,253,253,254,250,250,250,251,254,254,253,247,252,250,248,250,249,254,257,257,247,248,252,254,251,247,252,253,256,247,248,248,247,257,252,251,250,251,253,252,253
660,741,254,251,250,247,251,252,252,252,251,255,250,250,250,256,254,253,254,248,252,252,252,251,246,253,257,254,246,251,251,251,250,247,254,253,253,248,249,249,256,253,251,252,250,253,247,248,257
664,730,254,251,250,246,251,252,250,255,251,255,249,247,250,255,254,253,247,248,250,251,252,248,247,257,258,255,250,252,247,251,246,251,253,255,255,250,251,251,254,254,255,252,246,251,247,253,255
668,723,254,251,250,248,254,254,252,254,252,257,249,247,251,255,256,254,247,248,252,252,253,248,256,257,255,255,250,248,248,255,247,252,252,255,256,250,251,248,255,255,254,248,251,252,251,248,253
672,718,255,251,251,247,255,252,251,251,252,258,249,248,248,255,256,251,248,251,251,251,247,247,256,255,254,251,249,247,254,254,250,252,252,257,255,248,248,247,258,252,252,252,251,254,248,247,255
676,718,254,251,249,248,254,252,250,251,252,257,246,247,248,254,256,251,248,251,253,251,247,250,256,256,256,250,247,247,253,252,250,251,254,256,246,251,247,257,256,251,252,251,253,247,247,251,260
680,718,255,250,250,247,254,252,250,252,251,257,246,247,247,258,256,251,252,252,253,248,247,251,254,254,257,247,246,252,251,252,246,254,253,255,247,251,250,257,254,254,252,247,251,248,252,247,260
684,720,255,252,246,248,255,250,251,251,257,257,247,247,248,256,250,252,252,254,253,248,251,251,254,257,257,247,251,251,251,248,245,254,256,256,250,251,251,254,254,255,248,251,251,252,248,247,262
688,701,255,251,247,248,254,251,252,253,257,257,247,249,248,257,251,254,252,255,251,248,251,250,255,258,256,248,252,248,252,248,253,253,257,259,248,252,248,258,254,254,253,254,253,247,248,251,260
692,709,255,251,247,248,255,252,252,252,257,256,248,248,251,256,251,254,251,254,251,252,251,248,257,258,256,252,252,249,254,252,252,252,258,258,248,249,258,258,251,252,252,254,247,248,252,256,264
696,727,254,251,247,247,254,250,246,252,257,255,247,247,250,255,251,254,247,254,251,252,247,247,255,255,255,251,247,254,254,252,251,253,257,248,250,247,257,255,253,252,248,252,245,253,249,257,262
700,735,256,252,248,248,255,252,247,252,258,256,251,249,252,256,253,255,247,252,252,253,248,257,257,255,251,248,247,255,252,248,252,254,256,248,250,252,256,256,254,248,252,252,251,247,251,258,260
704,728,254,251,246,251,254,251,245,254,257,255,250,250,249,255,253,249,248,252,250,247,247,257,254,256,250,248,250,251,252,247,253,255,255,251,250,248,256,254,250,251,251,254,247,251,251,255,257
708,724,254,251,246,252,254,251,247,253,257,254,249,250,251,254,253,247,252,252,250,247,251,256,254,257,248,248,251,252,247,248,254,254,258,248,249,247,257,252,250,251,254,247,247,250,256,257,256
712,724,255,250,246,251,254,249,246,254,254,254,250,251,254,255,252,247,253,254,251,248,251,254,253,258,247,251,247,251,247,251,250,257,257,247,247,258,257,252,251,247,251,247,250,248,257,256,259
716,739,255,250,247,251,253,251,246,254,255,256,249,251,255,257,252,247,251,254,246,248,250,254,256,255,247,251,247,254,252,252,251,258,248,251,247,256,255,254,247,248,252,252,246,250,257,253,256
720,726,253,251,247,252,252,250,248,253,253,250,249,250,255,257,250,251,252,255,247,250,247,256,255,255,250,247,246,253,251,251,254,254,247,251,250,254,253,254,247,251,253,247,247,251,255,251,256
724,741,255,251,247,251,251,250,246,253,254,250,246,251,255,257,251,252,254,253,246,251,248,257,253,255,251,248,253,252,248,252,253,255,251,251,249,254,253,251,250,253,253,247,249,254,257,254,257
728,726,254,249,247,252,252,246,245,253,254,251,247,247,255,258,250,251,255,251,251,251,248,257,253,251,248,248,254,252,247,253,254,257,250,251,245,258,252,252,251,254,248,252,245,258,257,253,252
732,728,255,251,247,252,252,247,252,253,255,250,247,248,257,251,250,252,254,252,252,248,257,257,253,250,247,251,250,247,248,254,254,257,247,248,256,256,251,252,247,252,252,247,246,256,254,252,257
736,729,255,250,246,251,251,247,253,251,255,250,247,248,257,252,252,247,255,250,249,248,257,255,255,247,247,251,250,247,253,251,255,247,247,247,256,253,254,248,252,254,251,248,250,255,251,251,252
740,727,255,251,247,251,251,246,253,252,257,250,246,247,256,251,253,248,251,251,250,248,258,255,256,248,252,248,253,247,251,252,256,247,251,250,254,255,253,247,250,254,248,251,253,258,254,251,252
744,741,255,251,246,253,251,247,252,252,257,249,246,247,258,252,253,248,252,252,246,250,256,254,256,248,252,247,253,253,251,253,254,252,251,251,255,254,252,251,252,247,251,248,254,256,254,248,255
748,727,255,250,246,252,251,246,254,251,258,248,247,250,257,252,251,248,252,252,246,250,255,257,253,250,248,248,253,252,251,254,254,250,250,247,257,252,250,246,254,247,250,248,256,254,252,251,252
752,731,255,250,246,252,252,247,253,252,257,247,247,251,255,255,247,251,252,251,246,250,256,258,254,251,248,255,250,247,255,256,255,247,251,247,256,253,253,246,250,251,248,252,254,251,253,248,256
756,730,254,250,247,253,253,246,252,252,256,247,247,250,255,254,245,251,254,248,250,249,258,257,254,250,248,254,252,248,253,255,256,247,248,257,253,253,247,251,253,248,251,256,255,252,252,248,255
760,726,255,251,247,252,253,247,253,253,258,247,246,251,255,253,247,252,255,248,250,247,258,255,250,249,253,252,247,252,252,258,248,252,248,257,254,254,247,252,253,248,252,256,257,254,248,251,252
764,729,255,252,248,252,253,247,253,253,257,248,248,252,255,255,247,253,255,248,249,247,258,256,250,249,253,252,247,253,253,258,248,252,251,256,253,253,252,254,247,251,248,258,254,252,252,249,263
768,742,257,247,252,253,254,251,251,256,255,251,251,256,258,252,252,255,252,252,247,257,255,258,248,253,248,255,251,252,254,256,251,251,248,257,251,252,249,251,251,247,252,256,251,252,247,251,259
772,764,257,248,251,253,256,252,252,258,254,251,249,255,259,253,252,255,252,251,246,257,255,259,248,252,249,255,251,253,255,256,251,251,248,258,252,253,249,253,250,248,252,257,251,253,249,251,260
776,725,257,247,250,252,253,251,251,258,256,252,250,256,257,251,252,255,253,253,248,258,256,257,246,252,248,254,251,253,255,256,251,248,257,255,253,248,252,254,246,252,256,256,252,248,251,248,262
780,728,256,247,251,251,253,250,251,258,254,250,250,256,257,252,250,254,252,251,246,257,256,254,249,247,254,251,246,253,255,256,247,248,257,255,253,247,251,253,246,250,255,257,251,252,248,257,259
784,727,257,249,251,252,254,251,250,256,254,250,250,255,258,253,250,252,252,248,250,255,257,255,249,247,253,252,247,254,255,258,247,251,255,253,250,252,254,248,250,247,258,255,251,252,248,257,259
788,728,257,247,250,252,254,251,250,257,255,250,248,255,252,253,247,252,252,248,249,255,258,255,249,248,253,248,251,251,258,248,249,250,255,255,251,252,254,247,246,250,255,252,251,248,251,256,252
792,724,256,246,251,251,255,251,251,257,254,249,246,256,250,254,247,252,250,247,248,254,256,251,247,252,252,248,251,252,256,247,249,246,257,252,251,248,252,251,246,251,255,251,247,251,246,256,255
796,726,256,248,251,252,253,250,250,258,255,248,246,257,252,254,246,252,252,248,247,257,255,251,247,253,250,247,252,254,255,250,249,247,256,251,251,247,253,247,250,255,256,254,247,251,248,255,252
800,728,256,248,251,250,254,251,250,254,251,248,246,257,252,254,247,254,248,251,246,257,255,250,247,248,254,252,251,254,254,250,249,258,255,254,247,252,254,247,250,257,253,251,251,248,257,255,252
804,725,257,246,251,251,253,252,251,255,252,246,245,257,251,253,250,254,248,251,246,256,254,247,250,246,254,251,250,254,257,247,245,256,255,254,246,255,247,252,246,257,254,251,247,251,255,247,255
808,729,256,248,251,252,254,251,252,254,250,247,247,257,254,247,250,254,247,251,247,255,258,247,250,248,253,246,254,255,257,248,246,254,254,252,252,254,248,251,249,255,252,251,246,251,256,250,261
812,727,256,248,251,251,253,245,253,255,251,248,245,254,254,248,250,254,248,248,256,254,257,247,250,253,253,246,252,256,257,251,249,255,253,251,248,253,251,248,250,254,253,247,248,247,258,251,262
816,730,256,248,250,251,255,246,252,255,251,248,249,256,253,246,252,252,252,248,255,255,256,251,247,253,251,249,251,257,247,250,248,257,251,252,247,252,253,251,254,257,253,248,248,256,254,249,263
820,729,258,247,250,253,253,247,253,255,251,248,250,253,254,247,253,252,251,247,257,257,255,252,247,254,248,250,251,257,249,251,247,257,252,252,250,255,247,250,254,253,252,253,247,257,247,250,259
824,717,258,248,250,251,252,247,253,254,251,248,250,254,254,251,253,252,252,248,254,258,255,250,251,253,248,252,251,255,251,250,246,254,254,247,251,255,252,248,257,254,252,248,250,255,248,255,262
828,724,258,248,252,252,252,247,253,254,248,248,249,256,252,252,253,252,252,251,253,258,256,248,252,253,248,252,252,255,251,249,256,255,255,249,254,248,251,247,254,253,252,248,247,258,251,255,257
832,725,258,248,250,254,252,247,253,257,248,249,250,257,251,251,252,251,247,251,254,255,252,249,250,254,251,252,253,257,248,249,257,255,252,252,253,252,247,251,255,254,249,252,247,255,248,258,257
836,725,259,249,252,254,252,247,253,257,248,249,250,258,252,251,253,252,248,252,257,256,252,249,247,253,252,251,254,256,249,248,254,255,252,247,252,252,248,256,257,254,248,248,257,255,248,256,260
840,881,257,248,252,255,251,246,253,257,247,247,254,257,252,251,250,251,248,248,255,256,251,251,248,254,248,254,255,257,251,252,254,252,252,248,251,247,251,255,257,252,252,248,254,247,251,255,257
844,721,258,247,250,254,252,246,250,256,247,248,255,257,251,247,250,252,250,247,256,255,248,252,246,251,247,254,255,248,251,251,256,251,251,252,252,247,251,258,253,252,247,250,254,251,255,257,257
848,726,256,247,250,253,251,246,251,257,247,251,253,257,255,248,250,248,251,246,256,257,248,252,253,251,247,251,255,248,250,247,255,254,248,252,254,252,247,258,250,252,247,247,256,250,257,252,258
852,723,256,248,250,253,252,246,249,258,247,250,255,257,254,249,251,248,250,247,255,256,247,247,252,251,251,251,256,252,252,246,254,254,248,254,246,252,251,255,250,248,252,247,254,247,257,254,253
856,724,256,247,245,253,252,253,251,257,250,250,254,253,255,248,252,248,251,257,253,257,251,248,253,248,252,252,254,251,249,257,254,252,252,254,252,247,251,256,253,248,248,257,254,251,255,253,256
860,728,256,248,247,254,251,252,251,256,249,251,254,252,254,252,252,249,247,256,254,255,251,248,251,248,252,253,254,247,246,256,254,252,251,251,251,248,255,257,251,253,248,255,246,251,257,251,257
864,726,257,248,246,255,251,252,249,254,251,250,256,252,254,252,252,252,248,257,256,255,250,252,250,250,253,254,256,248,248,255,253,252,247,252,247,251,254,254,251,247,250,254,249,254,258,253,251
868,731,256,247,247,254,251,253,251,254,250,252,255,250,248,252,252,252,248,255,256,254,248,252,250,253,252,255,255,247,250,255,251,252,247,254,248,246,258,253,250,248,248,258,249,258,252,254,258
872,728,257,248,247,253,247,253,251,255,250,247,255,251,249,252,251,251,247,254,256,251,247,251,252,251,253,254,256,252,251,257,251,247,251,253,251,248,255,251,251,250,247,256,246,256,253,247,256
876,729,256,247,245,253,248,252,250,255,250,247,258,254,246,251,252,250,251,255,253,250,247,247,253,249,255,254,248,251,247,256,252,247,253,247,250,250,254,254,247,250,257,255,249,256,254,251,257
880,731,256,249,247,253,246,253,257,255,249,247,257,253,249,253,251,248,252,255,253,251,252,248,249,247,255,258,246,251,247,254,253,252,253,247,247,251,257,254,251,247,258,248,249,256,252,246,252
884,723,258,248,246,254,247,253,256,255,248,248,255,254,248,255,251,248,251,257,254,248,252,247,251,247,253,257,249,251,258,255,252,252,254,252,247,255,257,252,251,252,255,251,254,258,254,249,257
888,724,257,247,246,254,248,253,256,254,248,248,253,254,253,255,251,247,251,257,254,247,251,255,251,252,252,256,250,248,257,253,251,248,251,252,250,255,254,251,246,251,257,251,256,252,247,252,252
892,716,257,247,246,255,248,253,256,255,247,247,254,254,251,255,251,247,248,256,256,247,248,253,247,251,254,256,246,248,255,253,251,248,252,249,250,256,254,252,247,249,258,248,256,254,248,252,253
896,734,257,251,246,251,248,250,256,250,247,251,253,252,251,251,251,251,248,255,256,250,247,252,247,252,254,258,246,250,255,252,251,251,254,251,247,255,251,248,249,256,254,251,253,251,252,247,259
900,799,257,251,246,252,247,250,255,251,247,251,254,252,252,252,250,251,247,254,256,251,247,252,246,252,253,257,246,250,254,252,250,251,248,251,250,255,254,249,247,257,247,251,256,251,248,247,256
904,705,257,251,247,252,248,251,256,252,248,251,254,253,252,252,251,251,257,256,254,250,252,252,251,252,255,258,250,251,258,253,248,254,248,248,250,257,254,253,248,256,248,256,257,255,248,252,258
908,700,257,250,246,253,247,252,257,251,247,251,256,251,248,252,246,251,257,255,254,252,252,254,251,254,256,248,250,248,258,254,248,255,252,247,255,259,252,252,251,254,252,256,250,247,252,248,259
912,718,257,250,246,252,247,251,256,250,248,250,255,252,247,252,246,248,256,257,254,247,251,254,250,254,257,247,250,247,255,253,251,251,251,250,254,254,252,248,250,255,247,258,252,248,251,247,257
916,718,257,251,246,252,248,251,253,251,247,250,256,252,248,254,247,248,257,257,254,248,247,254,247,253,257,252,249,257,255,252,250,252,247,250,256,255,253,248,246,255,247,255,253,252,248,253,262
920,737,257,251,247,252,247,250,253,251,248,251,256,253,248,254,247,248,255,256,250,248,248,252,246,251,257,251,247,257,254,252,247,254,247,247,256,253,253,250,257,254,252,255,251,248,248,252,262
924,736,256,251,245,251,251,251,253,250,248,255,255,254,248,254,250,247,255,257,250,251,247,251,251,252,255,251,246,256,254,252,247,253,252,248,253,252,248,247,255,247,250,256,253,248,252,254,259
928,726,257,251,247,252,252,251,254,248,248,254,256,254,251,254,250,250,255,256,250,252,254,251,251,254,255,249,247,255,252,251,250,247,251,252,254,254,253,247,253,250,254,252,253,252,247,254,263
932,732,257,251,247,251,251,250,254,247,247,256,250,255,252,253,250,251,255,255,246,252,255,248,250,254,256,247,249,255,252,248,250,248,247,250,255,251,252,251,255,251,257,252,246,253,247,251,260
936,734,257,250,246,251,252,250,255,248,247,255,251,253,251,252,251,251,257,255,246,247,254,248,251,253,257,251,250,257,254,248,253,251,247,254,256,252,247,251,257,248,257,254,250,251,254,257,261
940,726,257,251,250,251,252,253,253,248,251,254,250,246,251,251,246,251,258,257,246,248,251,247,251,255,256,252,246,257,254,252,253,252,251,256,252,252,247,247,253,247,254,252,252,248,252,257,256
944,725,258,252,250,251,251,253,253,247,250,255,250,247,251,252,246,247,257,257,250,248,251,252,251,254,247,252,246,255,254,251,251,247,250,257,251,252,251,258,254,250,258,251,246,252,251,254,253
948,728,257,252,249,250,252,254,254,248,250,255,251,248,254,253,246,246,258,258,249,251,251,253,253,254,247,252,247,255,252,248,250,247,247,258,251,248,249,258,246,255,256,254,251,252,255,258,255
952,731,257,251,251,252,252,253,256,249,251,256,250,247,253,253,247,248,255,257,250,252,253,251,253,258,247,251,257,254,252,247,253,252,248,255,253,247,247,255,250,255,250,247,250,247,253,255,257
956,730,257,252,249,252,253,253,257,249,250,257,253,247,255,252,250,247,254,255,250,252,254,248,252,257,251,248,255,254,252,251,252,251,251,254,252,251,249,255,249,257,255,247,250,253,257,255,251
960,731,257,250,250,255,251,252,256,251,250,256,253,251,253,252,250,257,255,256,247,247,254,248,249,254,251,248,254,252,252,252,247,246,251,257,250,248,250,257,246,254,253,252,245,252,257,251,261
964,715,257,251,250,254,253,253,256,250,250,257,253,252,254,252,250,256,257,254,247,248,251,246,250,254,247,247,254,252,247,252,245,248,255,254,251,247,247,255,246,256,252,248,246,252,255,248,259
968,712,257,251,252,255,252,253,256,251,248,257,253,252,252,252,250,257,256,250,247,248,252,252,250,255,248,250,255,251,247,254,250,251,255,253,251,252,248,256,251,259,253,248,251,254,258,247,263
972,723,258,251,251,255,253,254,257,252,247,257,252,253,253,248,250,258,257,251,251,247,252,251,253,257,247,251,256,254,252,254,251,252,258,252,251,251,257,249,255,258,255,252,248,251,257,251,260
976,743,258,251,250,254,247,253,255,251,248,256,254,252,252,247,246,255,257,251,252,255,248,253,253,258,251,247,256,255,252,252,246,248,258,252,247,248,255,247,254,252,247,251,246,252,255,247,262
980,725,258,252,252,254,248,253,256,250,249,256,251,252,253,248,246,255,256,251,251,255,248,252,254,258,252,249,254,252,248,252,247,247,255,254,247,248,256,251,256,254,247,252,254,257,252,256,263
984,721,257,251,250,254,247,251,256,251,248,254,251,247,251,248,247,255,255,247,247,254,248,252,254,248,251,249,255,252,247,254,251,251,255,254,251,251,257,247,255,255,253,248,251,255,251,255,252
988,709,258,251,250,254,247,250,254,251,248,254,251,248,254,252,247,256,256,249,248,252,252,253,254,248,252,257,254,253,249,255,251,252,257,252,247,251,258,248,255,252,248,253,252,256,248,258,256
992,703,257,251,251,254,248,250,254,248,247,254,251,248,255,251,249,257,255,247,247,252,252,255,256,252,250,257,253,252,252,248,247,256,258,252,247,247,256,251,257,254,248,252,253,258,252,255,253
996,708,257,251,251,255,247,250,254,248,251,256,251,248,255,252,250,257,257,251,247,252,251,254,257,252,248,257,251,252,252,248,247,256,255,252,250,257,255,250,257,254,252,248,252,256,248,255,253
1000,709,257,251,251,254,248,252,254,248,251,258,251,249,254,252,250,258,258,251,251,255,248,254,257,251,248,256,252,248,254,252,250,258,254,252,250,257,247,255,251,247,252,254,250,255,248,257,256
1004,726,257,251,251,254,247,250,254,247,250,257,253,252,254,251,250,257,257,250,250,255,248,251,254,249,250,255,250,248,253,252,250,258,252,248,246,254,250,257,251,248,253,254,256,251,256,247,253
1008,722,258,251,251,254,247,251,253,247,250,258,253,252,252,247,246,256,258,250,251,254,248,253,253,247,250,257,254,252,251,248,246,256,252,247,247,255,250,259,254,252,248,251,253,247,257,251,258
1012,722,257,250,249,253,247,249,254,248,250,256,253,252,252,248,246,255,255,248,245,251,251,252,254,248,251,257,253,252,252,248,246,255,254,252,250,257,247,255,251,248,252,254,253,247,256,250,257
1016,725,257,250,250,255,248,250,254,249,251,257,253,251,251,247,247,254,255,248,247,251,251,253,256,251,247,255,251,247,254,251,250,256,254,252,249,257,248,255,250,248,252,254,255,250,254,247,252
1020,714,257,251,251,254,247,251,254,248,251,257,253,253,252,248,247,255,255,248,247,252,252,254,257,251,248,255,251,248,254,252,250,257,252,248,246,255,251,258,253,252,248,250,254,247,257,250,257
1024,725,248,247,250,252,254,256,249,248,255,252,246,254,252,251,256,257,250,252,253,248,252,255,247,251,257,253,250,252,248,247,254,254,252,251,256,247,254,252,247,252,253,257,250,254,247,247,256
