4,305,110,45,44,45,45,45,45,45,45,45,45,45,45,44,45,110,45,45,45,45,44,45,45,45,45,45,45,45,45,45,44,110,45,45,45,45,45,45,45,45,44,45,45,45,45,45,45,110,45,45,44,45,45,45,45,45,45,45,45,45,44,45,51
8,306,110,45,44,45,45,45,45,110,45,45,45,45,45,44,45,110,45,45,45,45,44,45,45,110,45,45,45,45,45,45,44,258,45,45,45,45,45,45,45,110,44,45,45,45,45,45,45,110,45,45,44,45,45,45,45,110,45,45,45,45,44,45,51
12,306,110,45,44,45,45,109,45,45,45,45,110,45,45,44,45,110,45,45,45,45,44,256,45,45,45,45,110,45,45,45,44,110,45,45,45,45,45,109,45,45,44,45,254,45,45,45,45,110,45,45,44,45,45,109,45,45,45,45,110,45,44,45,51
16,307,110,45,44,110,45,45,45,110,45,45,45,110,45,44,45,257,45,45,45,110,44,45,45,110,45,45,45,110,45,45,44,255,45,45,45,110,45,45,45,110,44,45,45,110,45,45,45,258,45,45,44,110,45,45,45,110,45,45,45,110,44,45,51
20,307,110,45,44,110,45,45,110,45,45,109,45,45,257,44,45,110,45,45,45,110,44,45,110,45,45,254,45,45,110,45,44,110,45,45,45,110,45,45,257,45,44,109,45,45,110,45,45,110,45,45,44,249,45,45,110,45,45,109,45,45,109,45,51
24,306,110,45,109,45,45,109,45,110,45,45,257,45,45,108,45,110,45,45,110,45,44,253,45,110,45,45,110,45,45,109,44,257,45,45,110,45,45,109,45,110,44,45,249,45,45,109,45,110,45,45,109,45,45,249,45,110,45,45,110,45,44,109,51
28,306,110,45,109,45,110,45,110,45,45,256,45,110,45,108,45,110,45,45,255,45,109,45,110,45,45,109,45,258,45,109,44,110,45,45,110,45,248,45,110,45,44,109,45,110,45,251,45,110,45,45,109,45,110,45,248,45,45,109,45,110,44,109,51
32,307,110,109,44,110,45,109,45,258,45,109,45,110,45,108,45,256,45,109,45,110,44,109,45,258,45,109,45,110,45,109,44,248,45,109,45,110,45,109,45,252,44,109,45,110,45,109,45,248,45,109,44,110,45,109,45,252,45,109,45,110,44,109,51
36,307,110,109,44,110,45,109,45,258,110,45,110,45,110,44,256,110,45,109,45,110,44,256,45,110,110,45,110,45,247,45,109,110,45,109,45,251,45,109,45,110,109,45,249,45,110,45,110,110,45,250,44,110,45,109,45,110,248,45,110,45,109,45,116
40,307,110,109,44,110,110,45,257,110,45,109,45,110,255,44,110,110,45,109,45,258,109,45,110,110,45,247,45,110,110,45,109,251,45,109,45,110,110,45,247,110,44,109,45,110,250,45,110,110,45,109,44,248,110,45,110,110,45,251,45,110,109,45,116
44,307,110,109,109,45,110,256,45,110,110,45,110,255,45,108,110,110,45,257,110,45,109,109,45,248,110,45,110,110,45,251,109,110,45,109,248,45,110,109,45,110,250,45,110,110,45,109,247,110,45,109,109,45,252,109,45,110,110,45,249,110,44,109,116
48,305,110,109,109,110,45,256,110,110,45,109,254,110,45,108,110,256,45,109,110,110,44,246,110,110,45,109,250,110,45,109,109,247,45,109,110,110,45,250,110,110,44,109,247,110,45,109,110,252,45,109,109,110,45,246,110,110,45,109,252,110,44,109,116
52,306,110,109,109,110,256,45,110,110,110,254,45,110,110,108,257,110,45,109,110,247,109,45,110,110,250,109,45,110,110,246,109,110,45,109,252,110,110,45,110,247,109,109,45,110,252,109,110,110,45,246,109,110,110,45,251,110,110,109,45,251,109,109,116
56,307,110,109,109,110,256,109,110,110,45,253,110,110,110,255,110,110,45,109,248,110,109,109,252,110,45,109,110,247,110,109,109,250,45,109,110,110,247,109,110,110,44,251,110,110,110,246,110,110,45,109,250,110,110,109,251,110,45,109,110,254,109,109,116
60,307,110,109,109,110,258,109,110,110,253,109,110,110,258,108,110,110,45,247,110,110,109,251,110,110,110,246,110,110,110,248,109,110,45,109,248,110,110,109,251,110,109,109,248,110,110,109,252,110,45,109,109,250,110,109,110,254,110,109,110,252,109,109,116
64,307,110,109,109,257,110,109,110,254,110,109,110,257,110,108,110,247,110,109,110,250,109,109,110,247,110,109,110,250,110,109,109,248,110,109,110,251,110,109,110,247,109,109,110,252,110,109,110,251,110,109,109,253,110,109,110,252,110,109,110,254,109,109,116
68,306,110,109,109,257,110,109,110,255,110,109,110,257,110,108,110,247,110,109,250,110,109,109,248,110,110,109,252,110,110,109,246,110,110,250,110,110,110,246,110,110,109,252,110,110,110,250,110,110,254,109,109,110,251,109,110,110,254,109,110,110,251,109,116
72,306,110,109,109,257,110,109,110,255,110,109,256,110,110,108,247,110,110,250,110,110,109,247,110,110,251,109,110,110,248,109,109,252,110,109,110,247,110,109,110,252,109,109,252,110,110,109,255,110,110,251,109,110,110,252,110,110,252,109,110,110,246,109,116
76,306,110,109,109,257,110,109,256,110,110,109,257,110,110,247,110,110,251,109,110,110,247,109,110,250,110,109,248,110,110,109,251,110,110,247,110,110,110,251,110,110,251,109,110,254,110,109,110,252,110,109,253,110,110,251,110,110,110,246,110,110,250,109,116
80,305,110,109,109,257,110,109,255,110,110,256,110,110,246,108,110,250,110,109,110,248,109,109,251,110,110,246,110,110,252,109,109,248,110,109,110,252,110,109,252,110,109,253,110,110,251,109,110,253,110,109,109,251,110,109,247,110,110,251,110,110,247,109,116
84,306,110,109,109,258,110,109,254,110,110,255,110,110,246,108,110,250,110,109,248,110,109,251,110,110,247,109,110,250,110,109,247,110,110,250,110,110,252,109,110,254,109,109,251,110,110,253,110,110,251,109,109,248,110,109,251,110,110,246,110,110,252,109,116
88,307,110,109,256,110,110,253,110,110,257,109,110,247,110,108,251,110,110,246,110,110,250,109,110,247,110,109,252,110,110,246,109,252,110,109,251,110,110,254,110,110,250,109,110,254,110,109,253,110,110,247,109,110,251,109,110,248,110,109,254,110,109,251,116
92,306,110,109,256,110,110,254,110,110,258,109,110,247,110,250,110,110,247,109,110,250,109,109,248,110,110,250,110,248,110,109,251,110,110,251,110,110,254,109,252,110,109,253,110,110,252,109,110,247,110,109,251,110,246,109,110,254,110,109,252,110,109,253,116
96,306,110,109,256,110,110,253,110,258,110,109,247,110,110,248,110,248,110,109,251,110,109,245,110,251,110,109,248,110,110,251,109,251,110,109,252,110,110,251,110,254,109,109,252,110,110,247,110,251,110,109,247,110,110,253,110,251,110,109,254,110,109,251,116
100,306,110,109,255,110,110,253,110,257,110,109,247,110,251,108,110,248,110,250,110,110,246,109,110,251,110,246,110,110,251,109,251,110,110,252,110,252,110,109,254,110,250,109,110,247,110,109,251,110,248,109,109,253,110,251,110,110,254,109,252,110,109,256,116
104,307,110,109,256,110,255,109,110,256,110,246,110,110,251,108,248,110,110,250,110,247,109,109,252,110,246,109,110,252,110,251,109,253,110,109,251,110,254,109,110,253,109,246,110,110,252,109,247,110,110,252,109,252,110,109,255,110,253,109,110,257,109,254,116
108,306,110,109,256,110,254,109,110,256,110,247,110,252,110,108,248,110,250,109,248,110,109,251,110,247,110,109,252,110,253,109,253,110,110,250,110,253,110,251,110,110,247,109,251,110,110,246,110,254,110,251,109,110,255,109,253,110,256,109,110,255,109,256,116
112,306,110,109,256,110,256,109,257,110,110,248,110,250,110,246,110,251,110,109,247,110,252,109,247,110,110,250,110,251,110,253,109,251,110,109,255,110,251,109,247,110,109,250,110,247,110,254,110,250,110,109,253,110,251,109,257,110,110,254,110,257,109,255,116
116,305,110,109,257,110,255,109,258,110,247,109,110,250,110,246,110,249,110,247,110,252,109,109,247,110,250,109,252,110,254,109,251,110,110,253,110,251,110,246,110,251,109,247,110,110,254,109,251,110,255,109,251,110,255,109,110,255,110,256,110,254,109,251,116
120,305,110,109,255,110,254,109,257,110,247,109,250,110,248,108,250,110,110,247,110,251,109,247,110,251,110,250,110,255,110,250,109,253,110,109,252,110,247,109,253,110,246,109,253,110,251,109,254,110,110,251,109,256,110,254,110,257,110,254,110,250,109,247,116
124,308,110,109,256,110,255,109,257,110,247,109,252,110,247,108,251,110,247,109,252,110,247,109,252,110,253,109,254,110,252,109,253,110,110,251,110,248,110,250,110,248,109,253,110,252,110,253,110,251,110,256,109,255,110,256,110,255,110,249,110,247,109,250,116
128,307,110,257,109,255,110,256,110,248,110,250,110,247,110,249,110,248,110,250,110,249,109,252,110,252,110,253,110,251,110,254,109,252,110,247,110,252,110,248,110,254,109,251,110,255,110,251,110,257,110,254,109,257,110,254,110,251,110,247,110,252,109,248,116
132,308,110,256,109,256,110,256,110,248,110,249,110,249,110,249,110,247,110,251,110,248,109,250,110,252,110,254,110,252,110,254,109,253,248,109,252,110,248,109,254,110,251,109,253,110,252,109,258,110,256,109,257,110,255,109,250,110,248,109,251,110,248,109,254
136,307,110,257,109,256,110,257,110,248,110,249,110,248,110,248,110,248,253,109,248,110,250,109,252,110,255,109,252,110,255,109,252,249,110,251,110,247,110,253,110,252,109,253,110,253,110,257,110,255,258,109,255,110,251,109,248,110,251,109,247,110,247,109,257
140,307,110,256,109,256,110,256,110,248,110,251,248,110,251,108,248,110,252,109,248,110,252,252,110,255,110,251,110,255,110,252,109,248,253,109,248,110,255,109,253,110,253,109,253,258,110,255,110,258,110,255,109,251,110,247,252,110,249,109,248,110,250,109,254
144,306,110,257,109,255,110,256,110,247,251,109,249,110,251,108,248,252,110,246,110,252,109,250,110,254,252,109,254,110,251,109,247,252,110,247,110,254,110,251,110,253,250,109,257,110,255,109,256,254,110,250,109,247,110,250,110,248,248,109,250,110,246,109,257
148,306,110,257,109,255,110,256,247,110,250,109,248,110,250,245,110,251,110,247,110,251,250,109,254,110,251,253,110,251,110,246,109,251,247,109,254,110,252,109,253,251,109,256,110,254,257,109,254,110,251,109,246,251,110,246,110,247,110,250,247,110,251,109,260
152,307,110,257,109,255,110,256,247,110,251,109,247,252,110,245,110,252,247,109,252,110,250,253,110,251,110,252,252,110,248,109,251,248,110,253,110,252,110,253,253,110,256,109,254,257,110,253,110,251,247,109,250,110,247,247,110,250,110,246,250,110,254,109,263
156,307,110,256,109,254,257,109,247,110,251,246,110,251,110,245,251,110,247,109,252,251,109,253,252,110,254,109,252,248,110,250,109,247,254,109,251,110,254,251,110,257,109,254,257,110,255,250,110,247,110,249,246,110,247,109,251,248,110,249,110,255,256,109,260
160,305,110,257,109,255,258,109,247,250,110,247,110,252,248,108,252,248,110,251,110,251,253,109,252,255,110,251,110,248,252,109,247,254,110,251,110,254,251,109,258,256,109,257,110,255,250,109,247,250,110,247,109,246,249,109,247,250,110,254,110,258,253,109,263
164,307,110,256,109,254,258,109,249,252,110,247,252,110,247,108,252,248,110,251,252,110,253,251,110,254,252,109,248,110,253,247,109,254,251,109,255,252,110,257,110,255,256,109,255,252,110,247,253,110,249,247,109,252,110,248,251,110,255,256,110,256,256,109,258
168,306,110,256,109,255,258,109,248,252,110,247,252,110,247,250,110,248,252,109,253,255,109,251,254,110,252,246,110,252,248,109,253,252,110,253,110,252,257,109,255,257,109,254,251,110,249,251,110,248,248,109,250,248,110,250,255,110,257,254,110,257,251,109,261
172,307,110,257,254,110,257,247,110,250,248,109,251,248,110,251,248,110,252,251,110,255,252,109,255,253,110,247,252,110,248,254,109,252,254,109,252,258,110,255,258,110,254,250,110,248,250,109,249,248,110,250,247,110,251,255,110,257,254,109,258,251,109,253,258
176,308,110,257,254,110,258,247,110,252,247,109,251,248,110,250,247,251,110,251,254,110,251,253,110,253,248,109,253,248,110,254,251,255,110,250,256,110,256,256,110,255,249,109,248,251,110,247,247,251,110,247,251,110,255,256,110,256,258,109,253,255,109,251,261
180,306,110,257,253,110,258,247,110,252,247,251,110,249,252,108,249,252,110,251,255,252,109,253,253,110,249,251,110,248,254,251,109,254,253,109,258,256,258,109,255,252,109,247,252,110,248,247,251,110,248,250,109,255,258,109,256,257,252,109,255,252,109,253,254
184,307,110,257,255,110,258,247,251,110,248,250,110,248,252,246,110,253,253,109,256,252,254,109,252,248,110,252,249,255,110,253,255,253,110,257,255,110,257,255,252,110,248,251,110,249,248,250,110,249,252,109,255,258,256,109,258,253,110,254,252,255,109,248,259
188,309,110,256,255,110,257,247,252,110,247,251,248,110,252,247,252,110,253,253,110,254,253,251,110,248,251,247,110,255,253,255,109,253,259,109,255,258,256,109,252,248,251,109,247,248,252,109,248,251,110,255,257,256,110,257,254,255,110,252,256,250,109,252,255
192,306,110,256,253,258,110,247,252,248,110,251,248,251,110,245,252,252,110,253,252,254,109,252,247,252,110,247,255,252,110,254,251,258,110,254,258,255,110,250,248,252,109,247,248,252,110,247,251,256,110,258,255,259,110,251,254,252,110,254,249,252,109,247,259
196,306,110,257,255,258,110,247,252,249,110,251,249,252,110,246,252,253,254,109,252,254,251,109,248,252,248,109,254,253,254,109,252,257,257,258,110,257,251,247,110,251,248,247,110,252,249,250,110,256,258,255,257,110,253,254,252,110,255,248,253,110,248,251,260
