1536,117,117,117,117,117,117,117,117,117,117,117,117,117,117,117,117,117,117,117,117,117,117,117
1600,117,117,117,117,117,117,117,117,117,117,117,117,117,117,117,117,117,117,117,117,117,117,117,117
1664,117,117,117,117,117,117,117,117,117,117,117,117,117,117,117,117,117,117,117,117,117,117,117,117,117
1728,117,117,117,117,117,117,117,117,117,117,117,117,117,117,117,117,117,117,117,117,117,117,117,117,117,117
1792,117,117,117,117,117,117,117,117,117,117,117,117,117,117,117,117,117,117,117,117,117,117,117,117,117,117,117
1856,117,117,117,117,117,117,117,117,117,117,117,117,117,117,117,117,117,117,117,117,117,117,117,117,117,117,117,117
1920,117,117,117,117,117,117,117,117,117,117,117,117,117,117,117,117,117,117,117,117,117,117,117,117,117,117,117,117,117
1984,117,117,117,117,117,117,117,117,117,117,117,117,117,117,117,117,117,117,117,117,117,117,117,117,117,117,117,117,117,117
2048,117,117,117,117,117,117,117,117,117,117,117,117,117,117,117,117,117,117,117,117,117,117,117,117,117,117,117,117,117,117,117
2112,117,117,117,117,117,117,117,117,117,117,117,117,117,117,117,182,117,117,117,117,117,117,117,182,117,117,117,117,117,117,117,182
2176,182,117,117,117,117,117,117,117,117,117,117,117,117,117,117,182,182,117,117,117,117,117,117,182,182,117,117,117,117,117,117,182,182
2240,182,182,117,117,117,117,117,117,117,117,117,117,117,117,117,182,182,182,117,117,117,117,117,182,182,182,117,117,117,117,117,182,182,182
2304,182,182,182,117,117,117,117,117,117,117,117,117,117,117,117,182,182,182,182,117,117,117,117,182,182,182,182,117,117,117,117,182,182,182,182
2368,182,182,182,182,117,117,117,117,117,117,117,117,117,117,117,182,182,182,182,182,117,117,117,182,182,182,182,182,117,117,117,182,182,182,182,182
2432,182,182,182,182,182,117,117,117,117,117,117,117,117,117,117,182,182,182,182,182,182,117,117,182,182,182,182,182,182,117,117,182,182,182,182,182,182
2496,182,182,182,182,182,182,117,117,117,117,117,117,117,117,117,182,182,182,182,182,182,182,117,182,182,182,182,182,182,182,117,182,182,182,182,182,182,182
2560,182,182,182,182,182,182,182,117,117,117,117,117,117,117,117,182,182,182,182,182,182,182,182,182,182,182,182,182,182,182,182,182,182,182,182,182,182,182,182
2624,182,182,182,182,182,182,182,182,117,117,117,117,117,117,117,182,182,182,182,182,182,182,182,182,182,182,182,182,182,182,182,182,182,182,182,182,182,182,182,182
2688,182,182,182,182,182,182,182,182,182,117,117,117,117,117,117,182,182,182,182,182,182,182,182,182,182,182,182,182,182,182,182,182,182,182,182,182,182,182,182,182,182
2752,182,182,182,182,182,182,182,182,182,182,117,117,117,117,117,182,182,182,182,182,182,182,182,182,182,182,182,182,182,182,182,182,182,182,182,182,182,182,182,182,182,182
2816,182,182,182,182,182,182,182,182,182,182,182,117,117,117,117,182,182,182,182,182,182,182,182,182,182,182,182,182,182,182,182,182,182,182,182,182,182,182,182,182,182,182,182
