64,420,108,109,109,297,108,109,111,308,109,109,109,300,109,109,111,316,109,109,109,327,109,109,111,318,109,109,109,330,109,109,111,326,109,109,109,305,109,109,111,330,109,109,109,307,109,109,111
68,422,108,109,109,295,108,109,111,308,109,109,109,298,109,109,111,316,109,109,327,109,109,109,321,109,109,109,331,109,109,109,325,109,109,306,109,109,109,328,111,109,109,308,109,109,109,336,111
72,421,108,109,109,296,108,109,111,308,109,109,298,109,109,109,318,109,109,329,109,109,109,319,111,109,329,109,109,109,326,109,111,305,109,109,109,330,109,109,111,308,109,109,338,109,109,109,321
76,424,108,109,109,295,108,109,312,109,109,109,297,109,109,316,111,109,328,109,109,109,319,109,111,331,109,109,326,109,109,109,309,109,109,329,109,109,109,309,111,109,337,109,109,320,109,109,111
80,422,108,109,109,295,108,109,310,109,109,297,109,109,318,109,111,323,109,109,109,320,109,109,330,109,109,326,109,109,306,109,111,330,109,109,109,308,109,109,340,109,109,321,109,109,339,109,111
84,419,108,109,109,296,108,109,311,109,109,298,109,109,318,109,111,326,109,109,320,109,109,328,111,109,327,109,109,304,109,109,332,109,109,307,109,109,338,109,111,317,109,109,342,109,109,318,111
88,422,108,109,296,109,108,308,111,109,298,109,109,318,109,109,328,109,109,319,109,109,330,109,111,325,109,109,305,109,109,331,111,307,109,109,337,109,109,319,111,109,342,109,109,319,109,109,492
92,420,108,109,297,109,108,307,111,109,299,109,109,317,109,326,111,109,319,109,109,329,109,109,329,109,109,304,109,329,109,109,309,109,109,339,109,109,317,109,342,109,109,321,109,109,490,109,111
96,420,108,109,297,109,108,309,111,297,109,109,317,109,109,324,111,320,109,109,331,109,109,326,111,305,109,109,329,109,109,308,111,336,109,109,320,109,109,341,111,318,109,109,491,109,109,496,111
100,423,108,109,295,109,108,308,111,299,109,109,316,109,325,109,111,321,109,329,109,109,328,109,111,306,109,332,109,109,306,109,339,109,109,320,109,341,109,109,321,109,493,109,109,495,109,109,493
104,419,108,109,296,109,306,109,111,300,109,315,109,109,326,109,324,109,109,329,109,327,109,109,307,109,331,109,109,306,109,337,111,321,109,109,341,109,316,109,111,493,109,496,109,109,492,109,500
108,422,108,109,296,109,307,109,111,299,109,318,109,326,109,109,321,109,330,109,326,109,109,305,111,329,109,109,308,109,340,109,320,109,109,341,109,318,109,490,111,109,496,109,495,109,109,497,111
112,422,108,109,295,109,308,109,301,109,109,316,109,327,109,319,111,332,109,109,325,109,305,109,333,109,109,308,109,338,109,320,111,340,109,109,320,109,488,109,502,109,109,490,109,499,109,516,111
116,419,108,109,298,109,308,109,300,109,317,109,109,327,109,319,111,330,109,327,109,305,109,109,332,109,308,109,336,109,321,109,343,109,109,319,109,489,109,497,111,489,109,499,109,109,518,109,512
120,421,108,109,296,109,308,109,299,109,316,109,326,109,321,109,331,109,109,326,109,306,109,330,111,308,109,336,109,320,109,342,111,317,109,109,490,109,499,109,492,109,499,109,519,109,510,109,522
124,422,108,109,295,109,307,109,301,109,316,109,327,109,320,109,330,109,327,109,305,109,327,109,310,109,337,109,319,109,340,109,319,109,109,493,109,491,109,490,111,496,109,516,109,510,109,522,111
128,420,108,296,109,308,108,298,111,316,109,328,109,318,109,328,111,327,109,306,109,328,109,308,111,337,109,319,109,342,109,317,111,491,109,499,109,485,109,502,111,516,109,513,109,519,109,515,111
132,420,108,297,109,307,108,298,111,318,109,326,109,319,109,331,111,324,109,306,109,329,109,308,111,338,109,318,109,341,109,320,111,487,499,109,488,109,499,109,521,109,511,109,523,109,508,109,503
136,421,108,297,109,308,108,299,111,316,109,327,109,320,109,330,111,325,305,109,331,109,308,109,339,109,320,109,341,109,319,109,490,497,109,490,109,499,109,518,111,513,109,521,109,511,109,499,111
140,424,108,296,109,307,108,299,111,319,109,325,318,109,331,109,327,109,307,109,329,109,306,340,111,317,109,340,109,321,109,489,111,499,488,109,500,109,517,109,511,109,523,109,514,495,109,519,111
144,422,108,295,109,308,108,299,111,316,327,109,319,109,328,109,329,305,109,328,109,308,109,338,111,318,343,109,318,109,487,109,501,485,109,499,109,515,109,513,111,520,513,109,494,109,519,109,499
148,422,108,295,109,308,108,299,320,109,325,109,319,109,331,327,111,304,109,330,109,308,339,109,320,109,343,319,109,491,109,495,111,490,500,109,516,109,511,109,524,513,109,496,109,520,501,109,523
152,421,108,297,109,308,108,298,319,109,328,109,320,330,109,326,111,305,330,109,308,109,338,319,111,340,109,318,492,109,500,109,492,500,109,517,109,510,109,522,513,109,497,109,520,501,109,520,111
156,421,108,295,109,309,298,109,318,109,326,319,109,330,109,326,307,109,329,109,308,338,109,318,343,109,319,109,487,499,109,486,111,500,518,109,509,109,517,514,111,495,109,520,501,109,520,507,111
160,422,108,296,109,308,297,109,318,326,109,319,109,330,325,109,308,331,109,308,109,337,317,109,344,320,109,490,109,496,491,109,503,515,109,510,109,522,511,109,500,519,109,500,109,521,513,109,488
164,422,108,298,109,307,297,109,319,326,109,320,330,109,325,109,308,330,109,308,337,109,319,341,111,320,492,109,494,109,490,500,111,516,512,109,522,509,109,501,111,519,499,109,521,509,109,491,510
168,423,108,294,109,309,299,109,318,324,109,320,330,109,325,306,111,331,306,109,338,319,109,339,320,109,492,499,109,490,495,109,521,507,109,523,109,510,500,109,519,500,109,523,505,109,492,511,111
172,422,108,295,307,109,298,318,111,324,320,109,330,325,109,307,332,109,306,338,109,321,343,109,318,491,109,495,493,109,495,519,111,510,521,109,509,500,109,516,503,109,524,505,109,491,507,109,491
176,422,108,296,307,109,297,317,111,327,320,109,329,326,109,305,332,308,109,338,320,109,342,318,111,490,496,109,490,499,109,517,515,522,109,511,498,109,523,499,111,522,510,109,490,509,109,488,519
180,421,108,297,309,109,298,317,111,326,320,330,109,328,304,109,331,309,109,338,319,339,109,318,493,109,496,490,109,503,519,510,111,520,511,109,497,518,501,109,524,508,109,490,511,109,485,516,530
184,424,108,296,307,109,298,319,328,109,319,330,109,325,305,331,111,309,336,109,317,343,321,109,490,495,109,492,499,519,109,509,526,511,109,495,522,109,500,521,511,109,493,507,109,487,520,522,111
188,420,108,295,309,109,298,315,327,109,321,330,325,109,305,329,308,109,339,320,109,338,318,492,111,494,489,497,109,519,511,517,111,512,495,109,519,497,524,109,508,490,513,109,491,513,525,109,522
192,420,108,296,308,299,108,317,327,320,109,330,327,306,109,329,309,338,109,318,341,319,109,489,499,491,109,498,518,513,109,520,513,498,109,518,498,523,109,509,489,510,109,492,515,522,109,522,528
196,420,108,296,309,299,108,317,328,321,109,328,325,306,109,332,310,337,318,109,340,320,493,109,495,493,499,109,518,508,521,109,514,494,522,499,109,523,505,488,111,508,489,518,109,527,520,524,111
200,420,108,297,308,297,108,317,329,318,331,109,326,305,329,109,311,336,320,341,109,317,489,497,111,485,500,517,511,109,518,511,501,514,109,502,520,509,109,489,512,489,512,109,529,515,527,109,505
204,421,108,296,308,299,108,316,329,322,329,109,325,307,332,308,111,337,320,342,318,109,490,498,489,503,109,516,510,523,510,109,501,517,504,523,109,505,491,509,490,109,520,523,516,528,109,503,504
208,424,108,296,307,299,317,109,328,320,329,327,109,304,329,309,339,318,109,342,319,490,495,109,493,497,521,510,109,523,513,497,520,502,109,522,511,489,510,109,491,514,526,517,109,528,504,498,510
212,420,108,297,308,297,317,109,329,319,329,327,304,109,329,309,342,318,339,109,320,491,495,491,500,109,517,513,517,513,498,109,520,503,522,509,109,491,509,491,514,531,109,518,527,505,496,505,111
216,419,108,297,308,297,316,326,111,318,330,327,305,327,109,309,341,318,339,319,492,109,494,490,497,519,511,109,521,513,495,519,498,523,109,506,488,512,485,518,111,522,520,526,503,496,109,506,499
220,420,108,297,308,298,316,326,322,109,330,328,307,329,307,338,111,318,341,319,490,497,492,109,499,518,511,520,511,498,109,519,505,523,508,487,510,109,492,517,528,516,528,502,109,494,505,498,498
224,421,108,298,308,298,315,326,321,330,109,327,304,329,308,339,321,341,109,318,491,498,493,498,520,513,109,518,511,498,519,498,528,508,109,489,510,488,518,524,519,527,109,503,501,504,498,499,517
228,421,108,297,308,298,316,325,320,328,328,109,306,327,306,339,322,340,320,489,109,494,492,499,518,514,518,510,497,109,521,500,520,510,485,510,490,514,109,524,515,529,505,493,504,495,498,109,512
232,419,108,297,308,298,316,325,323,328,324,305,109,330,307,339,322,338,317,493,495,487,500,109,518,514,518,512,498,515,499,519,513,490,109,511,490,512,528,514,532,504,496,505,109,495,500,513,506
236,423,108,296,308,299,316,328,322,329,328,305,330,308,109,337,321,342,319,493,495,488,500,517,513,521,517,109,497,518,500,522,508,490,511,487,514,526,519,525,111,504,498,502,494,496,516,499,515
240,421,108,296,307,298,317,327,321,329,326,306,331,307,336,317,343,320,109,491,495,494,500,517,510,521,514,497,517,502,522,506,494,512,109,490,517,523,518,525,503,497,505,496,499,516,500,514,526
244,421,108,296,309,298,315,324,322,330,326,305,329,308,338,318,345,319,486,497,488,499,517,109,510,523,506,497,520,499,522,506,495,512,483,518,526,515,527,501,501,501,499,498,109,517,499,515,527
248,420,108,296,308,299,314,324,321,331,325,307,330,307,336,319,345,317,487,498,488,499,517,509,525,507,496,519,499,522,509,488,513,483,109,518,525,518,522,507,499,501,498,498,515,499,513,524,497
252,420,108,296,308,299,316,326,320,330,327,307,330,307,338,320,344,318,490,496,489,500,516,512,524,516,496,518,501,521,508,492,514,486,515,527,518,527,505,503,507,495,500,516,500,514,524,500,524
256,419,295,308,299,317,326,319,332,326,306,330,307,337,320,342,320,490,496,490,500,518,511,522,513,496,519,501,520,507,494,511,488,516,527,518,525,505,497,502,501,500,517,500,514,524,501,519,504
260,424,296,307,297,318,326,318,332,327,305,329,307,340,319,340,320,493,495,488,502,516,514,520,512,501,515,503,522,507,489,508,493,517,521,520,526,508,494,504,502,494,513,503,514,522,497,522,506
264,421,295,308,299,316,324,320,332,325,304,331,307,338,320,341,318,490,499,485,501,519,510,521,509,498,519,496,524,509,487,512,491,524,513,528,504,495,502,495,503,515,501,512,526,501,518,500,329
268,421,296,308,299,316,325,319,332,326,305,330,309,338,320,341,320,489,497,491,498,517,512,512,498,519,501,521,507,492,512,487,520,527,518,525,506,498,503,494,502,517,500,516,501,521,499,326,320
272,420,294,308,299,318,325,320,333,327,306,331,307,337,319,342,321,497,489,500,520,512,520,511,501,516,500,522,509,490,512,488,517,516,528,505,496,503,498,500,515,500,516,524,497,525,502,323,318
276,419,295,309,300,315,324,320,333,326,304,330,308,336,340,319,490,496,492,496,516,512,519,512,496,520,502,502,492,507,489,515,527,520,524,507,495,507,498,492,504,515,519,501,519,503,326,314,327
280,420,295,308,299,318,324,319,334,327,305,329,337,319,341,319,494,497,488,497,517,510,521,499,521,499,527,509,489,510,492,518,527,528,506,497,501,497,498,515,501,516,523,499,503,325,316,325,318
284,422,295,308,298,316,324,321,334,327,305,307,338,320,342,319,491,494,491,499,510,524,512,498,518,500,524,508,492,489,517,524,519,529,505,495,502,497,515,500,518,525,499,523,502,325,315,315,297
288,419,296,308,297,315,325,320,331,306,326,308,337,318,343,319,487,492,499,518,512,514,512,492,522,523,507,492,506,488,514,526,521,502,498,499,495,501,511,503,514,501,522,498,324,318,324,316,297
292,420,294,308,299,317,323,317,333,306,325,308,337,318,339,318,500,486,500,521,514,517,507,521,498,520,510,487,511,487,529,516,526,506,495,503,494,512,502,510,525,500,521,501,315,326,317,296,303
296,421,295,308,300,316,325,319,328,305,329,307,337,318,320,488,499,491,500,521,511,512,497,521,502,519,508,511,488,518,526,518,529,496,502,497,496,512,500,516,502,527,501,325,316,325,295,302,298
300,420,296,309,298,317,326,331,327,305,331,307,338,342,321,487,496,494,497,512,516,512,500,517,505,509,492,508,486,520,525,525,511,496,499,499,515,500,515,522,505,523,323,317,326,317,294,303,307
304,423,296,307,298,318,324,329,329,305,328,306,320,339,317,488,500,497,519,507,522,511,495,501,518,511,490,505,518,520,518,527,505,503,492,501,517,496,515,498,526,500,323,318,317,294,301,296,308
308,421,294,309,299,316,318,329,329,304,329,340,321,340,317,493,493,499,519,510,523,497,519,503,520,507,511,489,520,523,515,506,497,502,500,499,502,513,521,505,521,325,316,325,317,294,296,304,321
312,424,295,307,297,317,319,325,328,307,330,337,320,342,317,498,494,494,519,513,508,501,521,502,509,485,514,488,517,517,527,506,497,500,498,515,503,513,503,523,502,325,318,314,296,304,296,318,331
316,422,296,308,297,317,319,326,329,306,307,337,318,341,490,495,496,500,521,516,512,498,520,518,510,488,510,516,524,518,526,496,505,497,495,514,516,523,499,523,326,315,326,317,305,295,303,319,322
320,420,296,309,298,326,316,331,327,331,306,337,317,319,490,498,492,515,513,521,505,521,495,522,510,506,492,512,529,527,505,496,501,503,514,498,516,498,523,501,325,325,317,293,301,305,322,327,322
324,421,293,307,299,327,314,328,329,330,304,338,320,318,487,501,490,518,512,520,498,514,501,523,484,512,489,518,514,522,508,492,498,500,514,514,519,500,525,321,320,327,315,305,296,303,318,320,330
328,420,296,310,298,326,316,328,328,330,305,338,341,317,491,500,498,516,513,512,496,518,502,511,487,508,520,523,517,530,497,501,496,515,498,514,521,525,500,323,318,317,297,305,302,319,327,320,309
332,419,295,309,298,327,316,331,307,327,308,338,342,319,489,492,498,519,518,512,501,517,523,511,491,487,517,527,525,506,498,501,500,520,502,522,499,522,501,315,327,316,303,296,304,328,320,330,309
336,419,296,308,297,326,316,331,307,325,308,318,335,321,498,485,502,513,518,512,499,498,519,511,509,486,518,515,525,507,502,497,497,501,514,518,503,501,325,318,318,295,303,304,320,328,329,306,331
340,420,294,309,300,326,315,327,309,328,308,319,338,319,495,495,499,508,524,510,515,501,521,495,509,488,530,515,529,495,508,494,514,503,514,496,526,501,318,326,316,302,296,306,327,319,329,328,307
344,421,294,309,318,326,318,326,308,330,337,319,342,493,496,493,518,512,519,497,525,497,511,490,512,518,525,518,506,495,506,500,517,514,522,504,500,324,319,317,297,302,305,321,327,331,307,327,330
348,423,296,307,317,326,319,327,307,329,338,318,341,489,499,501,520,510,510,498,522,517,508,490,494,516,523,526,501,504,496,498,501,514,521,525,498,324,326,317,306,294,303,327,321,330,324,304,330
352,419,296,308,317,325,319,328,306,307,338,319,319,489,496,495,525,515,509,500,498,523,507,512,492,525,517,525,496,504,496,517,497,524,501,518,327,314,323,296,307,301,319,328,331,304,326,326,333
356,420,295,309,318,327,318,326,309,308,336,319,319,488,491,497,520,516,515,520,499,520,488,509,488,523,517,502,499,501,498,517,513,525,500,498,325,327,316,296,299,303,327,322,331,326,306,326,313
360,425,296,309,316,325,329,327,308,308,337,340,320,491,491,495,512,526,511,517,498,512,489,507,519,527,526,506,499,496,498,500,519,499,525,502,317,324,295,302,298,321,329,330,304,326,326,332,334
364,420,295,308,315,326,329,326,306,309,339,340,316,497,489,499,513,517,500,517,520,512,484,492,516,518,524,501,504,496,515,498,524,502,520,322,316,317,295,295,306,317,318,328,330,305,323,311,333
368,421,294,308,319,325,327,326,333,305,336,342,318,495,493,514,515,512,496,519,520,511,510,487,530,515,528,498,503,502,510,513,528,517,500,327,324,318,302,293,323,328,320,304,325,325,331,331,312
372,424,295,308,317,326,328,325,332,305,319,337,318,499,491,518,511,514,499,499,517,488,511,490,524,517,503,495,500,501,501,511,502,522,501,317,326,297,305,304,322,318,328,329,307,324,309,331,334
376,421,295,309,317,325,331,326,332,306,319,337,490,501,497,516,522,512,501,498,520,492,509,515,529,528,503,504,499,515,498,524,503,501,323,316,316,295,297,303,329,320,308,329,325,330,332,310,324
380,420,294,309,316,326,329,328,330,305,319,340,492,496,500,516,524,510,517,501,508,492,491,515,521,525,497,507,498,519,513,524,524,499,328,324,315,303,295,321,329,331,305,307,325,310,332,333,322
384,419,296,298,315,318,326,306,330,337,319,318,486,491,498,511,524,499,522,516,506,512,483,525,517,503,497,493,501,500,514,502,522,323,316,316,294,296,305,326,321,305,329,324,330,332,310,321,332
388,420,295,299,317,320,325,305,328,339,319,319,487,493,501,511,521,501,523,518,507,512,488,521,518,506,496,494,497,501,514,499,523,327,324,316,303,295,323,328,334,305,304,329,311,331,332,320,323
392,422,294,300,319,319,325,305,330,338,319,318,492,490,497,516,522,501,497,520,493,508,515,528,527,503,506,495,516,501,523,504,503,316,323,296,305,303,320,319,331,324,306,331,312,310,331,336,323
396,419,296,298,316,320,326,304,327,337,320,318,494,492,523,512,512,499,500,519,491,506,517,518,526,500,501,497,517,514,524,516,503,316,316,294,296,305,329,319,307,326,324,330,332,333,320,320,313
400,420,295,299,317,319,325,306,328,336,341,320,495,490,520,511,514,519,502,507,487,488,516,519,526,496,498,495,502,515,499,523,324,327,317,305,293,318,328,332,306,307,331,309,310,333,336,321,302
404,421,294,298,317,320,324,305,310,338,341,320,498,490,519,522,512,522,501,512,490,488,528,517,507,498,497,514,500,524,500,500,326,324,295,303,304,320,320,328,330,326,330,332,310,322,320,310,310
408,420,295,299,317,319,326,306,308,337,342,319,494,499,515,523,511,518,520,505,509,486,527,528,501,503,498,512,516,522,525,500,317,317,296,295,304,327,319,306,307,327,310,329,333,337,322,300,311
412,418,294,300,317,318,326,306,309,337,342,491,494,500,519,517,498,519,525,506,511,519,524,528,494,507,497,514,514,498,525,324,317,317,305,294,320,327,331,325,305,331,310,309,321,333,310,307,304
416,421,295,298,317,320,325,305,309,319,338,495,495,498,512,521,501,497,519,491,507,520,519,522,498,497,502,499,515,501,507,323,329,295,303,306,319,320,306,329,327,311,331,331,321,320,303,311,326
420,422,294,299,317,320,326,305,309,319,338,491,490,496,510,526,501,497,518,492,486,516,519,505,498,495,516,495,524,502,505,317,325,295,297,303,328,331,304,306,329,311,312,332,335,309,302,301,330
424,419,295,299,316,319,326,306,307,317,339,489,486,501,510,512,496,502,510,483,490,523,516,504,501,499,512,510,525,519,328,317,317,302,296,322,326,329,329,308,332,335,311,319,322,311,309,320,328
428,422,294,297,326,317,323,329,308,319,316,490,492,513,511,506,526,499,507,511,490,525,526,504,508,494,518,515,496,524,324,323,319,304,301,318,321,307,325,324,312,332,330,336,322,301,299,325,324
432,422,295,299,327,317,324,329,308,320,318,489,489,518,512,508,524,525,509,507,517,528,526,496,508,500,499,515,501,503,327,324,297,296,303,326,330,303,307,331,313,311,321,332,310,308,302,328,334
436,420,296,298,326,316,325,330,307,320,318,499,493,519,520,510,526,519,508,507,521,518,525,498,500,500,499,525,500,500,317,317,298,297,320,327,331,328,327,331,334,331,321,322,301,308,323,321,494
440,421,296,299,325,317,325,328,340,321,317,493,490,516,523,500,522,520,488,511,515,518,501,497,500,513,500,525,519,328,314,316,306,305,320,319,304,327,324,310,314,332,335,309,301,303,328,330,492
444,420,295,298,325,318,326,329,338,319,320,494,498,517,520,500,496,524,488,489,518,514,508,497,501,515,512,501,520,322,327,295,305,303,328,320,305,302,330,310,313,322,320,309,307,324,323,327,512
448,421,295,298,327,329,326,331,339,341,320,497,498,510,517,501,497,509,492,488,524,528,505,504,502,501,517,498,500,316,324,296,296,319,327,331,327,326,330,331,334,336,322,302,302,328,325,493,491
452,421,295,299,327,331,325,329,339,342,319,497,497,514,518,499,499,509,512,489,525,529,498,505,503,502,524,498,502,317,315,294,298,319,321,304,327,325,309,312,335,336,311,307,301,331,334,512,492
456,422,295,296,326,331,327,329,339,341,490,498,495,509,513,499,498,507,508,519,523,529,495,496,499,498,526,515,326,317,316,302,304,327,321,305,305,332,308,309,324,321,300,309,323,322,486,512,517
460,421,296,298,324,328,326,331,337,339,492,498,498,509,509,521,499,505,512,514,518,525,499,495,513,515,521,521,326,323,296,304,306,325,332,326,307,330,333,332,336,322,303,302,326,330,494,488,507
464,421,295,298,326,332,306,326,338,340,492,490,497,510,515,518,522,486,509,517,516,505,508,496,516,515,501,500,325,324,295,297,321,320,327,329,326,311,310,331,338,310,309,324,328,331,510,520,497
468,421,295,299,327,328,306,327,340,342,490,490,521,513,509,518,524,496,485,518,519,503,501,499,504,513,499,502,318,318,303,295,321,320,307,304,325,309,311,321,323,301,309,325,324,491,490,503,499
472,421,294,298,328,331,303,307,341,343,488,489,519,519,513,516,522,491,488,521,531,504,502,497,501,524,521,499,318,317,303,303,331,330,306,306,332,332,331,335,324,302,302,327,334,510,489,505,505
476,422,294,298,327,330,303,306,322,338,492,486,516,523,497,496,522,490,485,523,524,499,495,499,501,523,521,325,323,296,303,302,328,332,325,327,310,331,333,334,312,308,324,319,327,516,513,493,502
480,422,295,299,326,331,304,308,321,318,490,492,518,521,501,498,509,509,492,524,526,496,498,514,521,500,522,326,323,295,296,320,323,307,324,329,310,312,322,321,304,300,325,321,492,488,506,503,487
484,422,295,298,325,330,304,308,322,318,496,496,518,519,500,498,510,508,517,518,522,496,497,517,516,499,503,317,315,295,296,319,322,307,303,330,335,333,320,322,301,302,329,332,512,512,496,506,484
488,423,294,297,327,331,303,307,322,317,493,500,513,521,501,495,513,506,517,520,500,504,496,516,515,498,502,315,315,303,305,328,332,325,306,329,332,333,337,308,308,323,325,490,511,509,498,498,495
492,423,294,297,326,332,305,307,321,319,496,499,512,509,504,495,509,512,516,519,499,506,501,498,528,520,328,318,315,302,306,329,332,325,327,310,311,323,323,301,311,324,326,489,490,504,504,487,483
496,420,295,297,327,332,304,307,320,320,496,498,513,508,521,524,489,487,519,515,507,501,503,499,523,523,328,322,294,296,320,320,308,306,326,310,311,323,322,301,302,327,334,512,511,498,500,496,498
500,422,295,299,326,330,305,308,321,317,497,500,511,510,518,523,492,486,527,531,495,497,516,500,523,521,326,323,294,296,320,321,310,305,332,332,332,336,310,307,325,322,493,491,510,495,500,495,500
504,423,294,299,327,328,303,307,322,320,491,501,509,512,518,519,492,491,520,529,495,497,511,515,504,499,316,316,302,305,327,331,326,329,332,333,330,334,311,308,326,322,491,487,507,502,482,485,520
508,420,295,299,326,327,303,309,322,317,495,501,509,511,516,524,495,483,527,525,496,493,515,519,499,500,316,315,302,305,327,328,328,326,309,310,321,320,302,300,330,332,510,511,498,496,495,494,507
512,420,307,317,319,327,330,338,342,489,492,518,522,498,502,507,510,516,518,501,504,502,500,518,523,325,327,295,296,319,321,305,309,330,332,333,338,309,310,321,325,489,494,501,503,482,484,515,522
516,421,306,317,319,326,330,338,343,490,492,517,523,498,502,507,512,517,517,504,502,498,499,521,522,326,326,295,295,320,321,306,306,330,331,332,336,310,308,323,323,493,490,507,501,484,483,518,522
520,421,307,316,319,326,329,336,341,493,486,516,524,493,500,509,512,517,514,507,502,499,503,521,523,326,323,296,297,319,318,306,308,309,311,323,321,302,299,329,335,506,514,495,499,496,493,506,503
524,420,308,318,318,325,329,339,344,486,491,514,523,495,500,508,514,516,513,506,504,495,498,501,500,315,317,304,305,327,330,327,328,309,311,321,322,300,302,329,335,510,513,497,483,483,511,520,498
528,422,306,317,320,326,329,338,343,490,495,518,520,498,501,509,512,527,529,496,496,516,518,500,503,318,316,303,304,327,330,327,329,330,332,335,310,308,324,321,493,490,507,503,482,483,519,514,499
532,421,306,317,320,327,328,338,344,491,490,515,521,499,519,489,490,528,525,497,502,517,512,500,505,318,315,294,319,321,307,304,332,331,332,336,311,308,323,322,516,515,495,498,495,497,501,502,514
536,424,306,315,320,327,327,339,344,486,491,519,506,520,519,493,488,518,529,495,493,516,514,524,325,324,295,297,318,318,307,305,331,309,322,320,300,300,330,332,510,514,495,502,481,517,522,495,493
540,420,307,317,319,327,328,336,344,492,487,513,510,518,521,487,491,526,525,499,498,501,522,522,327,322,293,297,320,326,325,325,312,309,321,322,302,299,324,493,490,503,504,480,486,515,519,512,512
544,422,307,317,319,326,328,341,343,494,498,513,511,518,522,492,487,516,508,504,499,500,525,521,328,317,303,305,330,331,324,328,312,333,336,309,307,324,322,496,491,496,500,497,494,504,505,512,512
548,421,306,317,319,327,329,337,343,498,501,516,510,519,521,490,519,519,505,501,500,501,522,503,318,317,305,303,327,331,307,332,334,331,335,310,308,329,332,508,515,498,499,500,519,519,497,495,523
552,421,305,316,320,326,328,338,320,493,499,512,507,520,506,511,517,514,505,500,498,517,499,502,318,315,303,319,321,306,305,331,333,321,320,302,299,328,333,508,504,507,481,484,520,516,513,513,502
556,419,308,317,319,324,328,321,319,491,499,509,513,494,509,513,514,518,503,496,515,515,502,501,316,295,297,318,322,305,306,309,314,323,322,300,322,322,493,490,504,503,497,494,500,503,508,515,521
560,423,307,316,319,326,329,320,321,495,500,513,496,498,512,513,517,526,498,497,513,513,502,325,325,294,296,322,330,326,325,310,313,333,311,308,323,322,493,512,497,500,498,497,518,497,500,521,525
564,420,306,317,320,327,304,317,323,500,497,519,497,501,509,509,527,528,495,495,514,521,521,323,328,296,303,327,330,327,329,331,334,335,307,309,329,333,509,512,498,488,481,518,517,495,508,500,506
568,423,307,316,319,327,304,318,321,497,495,523,495,500,508,488,530,522,499,499,497,521,521,323,319,302,303,328,332,307,329,332,335,320,300,304,329,330,493,505,503,482,481,503,503,506,516,520,508
572,422,306,316,320,326,303,318,322,498,520,518,496,501,489,485,531,523,497,500,499,523,520,317,319,302,303,319,307,303,331,311,323,318,301,304,324,488,490,500,498,497,491,506,498,492,522,522,523
576,422,307,317,320,306,307,318,321,488,516,520,498,517,488,492,529,507,502,497,498,498,502,318,318,294,321,321,307,326,309,311,322,311,308,324,321,509,514,498,502,482,517,520,496,510,501,502,520
580,425,307,316,319,306,307,320,320,489,518,522,497,521,488,493,527,504,503,501,513,500,503,317,297,295,320,321,327,327,309,311,334,311,309,328,331,509,520,504,483,483,520,504,510,513,505,505,510
584,420,306,317,320,305,306,320,320,486,519,519,519,523,489,488,514,503,505,514,515,498,503,324,296,296,328,332,325,325,331,333,337,301,303,326,330,494,503,503,486,493,504,501,491,523,522,508,515
588,420,306,318,320,304,306,319,493,489,517,519,520,522,488,518,517,506,496,512,516,495,326,324,297,303,328,330,303,330,334,331,322,301,301,325,490,489,500,494,501,494,517,495,494,499,498,519,519
592,423,309,317,319,305,306,319,493,492,517,513,519,522,507,518,520,497,497,522,516,522,324,324,305,304,328,306,304,332,310,322,322,310,324,322,491,508,495,501,484,517,522,512,513,499,508,509,496
596,420,307,317,318,304,307,319,494,488,516,513,519,524,508,518,519,496,497,516,522,520,326,316,305,303,319,308,306,310,311,320,310,310,325,330,512,510,503,483,483,503,508,511,519,524,509,518,488
600,420,307,318,325,305,308,337,487,492,511,511,521,507,511,512,523,497,495,497,523,524,317,315,303,321,320,304,327,310,311,332,311,303,328,329,490,505,501,496,495,505,493,494,522,498,517,521,494
604,421,306,318,327,303,306,339,495,487,513,508,525,509,506,525,527,497,498,499,525,495,318,317,297,319,321,326,327,329,333,335,302,300,329,491,489,506,493,498,518,517,499,508,500,503,504,497,496
608,422,306,317,325,305,307,338,491,499,513,512,498,508,509,523,527,502,497,500,500,501,316,296,298,326,330,325,331,332,331,321,305,324,322,492,509,497,501,482,519,504,512,514,520,509,509,486,489
612,422,307,317,326,306,308,339,493,495,516,512,498,508,491,528,529,504,501,515,498,500,329,295,298,326,329,304,331,332,321,320,312,322,324,511,513,502,483,486,504,503,499,520,523,521,516,486,318
616,419,305,318,325,305,337,341,494,498,513,494,502,508,491,527,504,505,495,516,502,326,324,295,306,328,306,304,331,311,320,309,310,329,332,507,506,503,492,497,506,495,494,500,503,519,492,500,343
620,421,306,315,326,306,336,340,493,499,510,498,496,492,486,526,508,502,516,510,524,325,326,301,307,320,303,303,311,311,331,309,304,329,330,490,506,494,496,515,519,499,507,501,504,509,496,484,342
624,421,306,317,326,306,336,341,500,498,515,497,500,488,490,517,507,503,514,512,524,325,316,302,321,320,305,325,310,332,335,301,306,324,490,490,497,503,482,519,507,511,512,521,509,518,487,317,318
628,421,307,317,328,306,336,341,502,496,516,497,500,491,489,518,505,495,514,523,524,319,318,302,321,320,325,328,330,332,321,301,324,323,489,511,500,480,483,504,504,493,521,501,515,524,495,316,341
632,419,308,317,328,303,337,341,498,498,512,498,523,484,517,514,502,493,513,526,520,316,318,295,320,328,327,329,332,321,322,310,323,329,511,510,505,478,497,500,496,499,497,504,505,494,489,339,306
636,423,308,317,326,305,337,340,502,498,513,500,524,487,517,515,501,496,493,527,499,315,295,296,328,330,307,330,308,322,311,306,330,332,510,503,503,495,495,522,497,511,503,504,507,487,489,315,303
640,423,307,326,329,326,337,318,499,521,517,520,523,508,516,525,497,495,500,505,500,323,294,303,330,305,306,309,311,332,310,300,330,489,493,498,499,482,525,504,511,521,525,520,515,496,316,338,329
644,420,307,327,330,326,337,318,499,522,519,519,522,509,516,527,500,500,499,500,503,328,295,303,329,307,304,311,311,331,310,302,331,489,514,496,484,488,503,503,499,519,500,521,496,497,338,340,305
648,421,307,327,330,324,338,321,494,522,519,518,522,504,518,525,495,501,513,500,325,324,303,302,324,306,326,308,332,336,303,299,324,512,517,498,483,497,503,493,497,503,500,504,497,487,338,305,306
652,418,307,327,329,326,337,319,496,523,515,518,509,508,528,524,508,501,511,500,325,323,305,320,321,325,327,332,330,321,303,322,322,511,503,500,498,495,518,495,512,501,503,510,488,315,316,325,326
656,422,308,326,329,325,337,319,499,526,512,520,507,509,524,527,505,515,516,523,324,318,303,320,323,325,330,332,321,322,311,323,329,490,504,498,495,520,519,509,513,522,520,514,496,318,339,327,330
660,422,306,326,330,326,337,319,491,521,513,519,508,511,528,504,504,516,515,522,324,317,296,320,331,325,332,310,322,310,307,329,334,493,496,499,483,522,503,510,523,501,518,495,499,339,303,305,323
664,422,308,324,330,326,337,318,495,521,506,521,506,490,525,502,508,511,524,523,314,318,295,326,332,305,331,309,332,311,303,327,493,514,495,483,480,503,505,494,503,500,508,496,484,317,306,326,319
668,422,306,326,330,326,316,316,495,524,509,497,509,492,522,506,502,513,523,523,316,294,295,326,307,307,309,311,332,299,302,325,496,505,504,483,492,503,495,511,503,503,510,488,315,317,326,324,331
672,420,306,327,330,327,317,318,493,515,510,498,509,491,514,506,499,503,524,501,316,296,304,326,306,327,310,332,335,301,322,324,513,503,506,497,497,518,511,513,523,519,517,496,315,338,306,328,320
676,421,306,325,332,328,317,317,494,513,510,501,487,494,515,500,499,499,523,504,324,295,305,321,308,326,330,333,322,302,323,330,518,500,498,494,518,506,509,525,526,520,495,497,340,303,305,321,301
680,421,305,324,330,327,317,317,492,513,508,499,490,484,519,497,498,502,498,501,326,302,305,321,327,324,331,323,319,309,328,331,492,494,501,481,515,506,494,518,506,506,494,488,316,305,328,328,298
684,421,308,325,325,331,318,490,489,513,498,497,489,514,518,497,500,502,495,325,326,304,318,321,327,332,330,322,310,307,327,494,490,497,482,482,504,496,492,502,506,509,486,315,318,328,323,329,309
688,420,307,328,327,330,317,490,491,513,496,499,488,517,516,496,502,514,498,323,317,305,319,327,327,330,310,323,310,301,329,494,516,503,482,497,521,496,510,522,511,518,495,318,339,304,328,320,300
692,422,308,326,326,330,318,490,491,515,498,523,487,517,527,498,497,515,500,325,316,294,320,328,309,330,311,332,308,301,321,509,516,505,497,494,518,511,520,527,521,496,497,339,303,306,318,297,305
696,420,308,326,324,329,318,488,498,510,493,524,489,515,528,503,500,512,523,325,315,294,327,330,306,309,313,332,300,323,323,509,505,497,493,521,501,509,523,499,509,493,490,318,305,325,330,308,306
700,422,307,326,324,329,318,491,496,513,495,524,505,513,529,503,517,512,526,316,314,293,328,305,308,309,331,321,301,325,330,487,505,497,481,519,501,498,501,497,510,488,316,316,323,324,319,305,307
704,421,306,326,327,306,319,489,503,522,499,520,507,527,527,504,522,525,520,315,295,303,328,304,327,330,332,323,311,329,331,493,500,483,481,502,499,509,498,511,522,494,316,339,306,322,318,297,300
708,420,307,326,327,306,318,488,506,522,497,520,509,527,525,505,518,525,498,319,296,305,319,303,328,331,322,322,310,327,489,492,499,486,495,519,499,508,522,517,521,498,340,306,304,320,297,304,301
712,423,306,325,327,306,317,493,500,518,524,518,508,526,507,500,514,525,499,322,295,305,320,324,329,330,321,310,303,329,485,516,504,497,497,516,512,520,524,517,495,487,315,305,329,326,304,304,310
716,420,308,328,325,304,318,493,500,522,518,519,510,518,506,498,518,519,502,325,303,301,319,329,332,309,323,310,302,323,512,513,500,498,516,504,507,522,499,502,491,488,317,328,328,320,308,305,302
720,421,307,326,326,304,337,495,502,519,520,509,511,526,505,499,501,498,505,325,303,318,327,325,334,310,332,301,300,324,512,503,498,484,525,502,497,501,509,506,489,316,340,304,324,318,297,300,323
724,421,306,326,327,306,336,493,500,520,524,504,491,521,508,494,500,502,323,324,302,319,327,304,313,311,330,302,325,330,489,504,498,482,503,490,499,500,503,518,499,338,337,305,319,298,304,306,320
728,422,307,325,327,306,335,500,500,517,523,508,490,515,503,499,498,501,325,316,296,321,327,303,312,332,320,300,324,329,489,498,485,493,505,497,510,519,522,496,495,339,304,325,327,305,307,306,328
732,421,306,326,326,305,336,497,523,518,522,507,492,518,496,498,503,501,325,317,294,328,307,305,312,331,322,311,329,490,495,497,486,496,518,511,523,522,519,497,490,316,323,327,329,305,306,298,322
736,421,307,326,326,305,337,499,525,512,521,509,491,516,496,500,519,521,324,316,295,327,306,327,332,321,321,312,328,489,515,508,497,518,520,509,520,500,508,487,319,339,327,331,321,297,299,321,328
740,420,305,326,327,307,335,497,523,512,498,503,491,518,491,500,517,523,315,295,294,328,307,325,331,321,311,300,321,489,508,506,497,516,504,492,501,505,505,489,317,336,303,319,296,307,304,320,325
744,418,307,327,325,304,337,499,520,513,492,489,490,517,497,496,520,522,315,296,304,320,323,329,333,320,309,301,325,506,504,499,482,502,500,499,500,505,522,494,341,305,324,323,298,305,305,323,326
748,422,308,326,325,305,336,503,522,511,499,492,515,526,498,501,516,521,317,296,303,320,325,333,312,333,302,300,324,512,504,494,484,503,498,508,523,521,496,489,340,305,324,328,304,307,300,321,306
752,425,307,326,326,306,338,498,524,513,498,489,516,528,505,514,526,500,316,294,304,321,326,332,312,331,301,324,329,492,495,483,500,518,497,514,522,519,495,488,318,324,329,321,297,298,320,325,326
756,423,306,325,326,305,337,497,524,507,499,488,518,525,502,518,521,500,325,303,319,326,304,330,312,334,301,321,328,493,494,481,497,518,513,515,504,508,485,317,341,302,321,297,300,296,320,327,326
760,424,308,324,325,306,338,497,522,509,499,491,512,528,503,513,526,497,325,305,318,326,305,310,333,320,311,328,487,517,500,496,519,502,512,517,502,507,485,317,342,302,320,297,305,306,325,327,305
764,423,307,326,325,304,339,499,524,510,499,492,516,525,506,517,529,500,324,304,320,326,303,311,334,322,310,327,489,516,502,495,524,506,498,501,508,521,495,338,307,324,326,305,306,298,320,304,339
768,420,295,317,305,339,318,489,512,501,518,509,527,507,495,499,503,327,317,294,327,306,326,331,324,310,302,324,512,502,496,483,505,496,511,522,518,494,488,317,330,329,319,297,300,319,327,324,317
772,421,296,318,304,338,319,491,509,500,516,513,524,504,500,498,501,327,316,295,328,305,323,331,324,311,301,323,510,500,498,480,503,500,509,520,518,496,489,314,325,329,322,297,298,319,327,323,319
776,422,294,318,307,336,317,490,507,502,521,505,525,503,499,499,499,327,318,295,325,305,329,330,325,310,301,322,513,500,496,483,502,510,520,501,509,483,317,340,305,319,298,303,305,324,326,305,337
780,421,294,317,305,338,318,488,513,500,519,509,523,502,500,496,502,324,317,295,327,307,328,310,334,300,322,328,490,502,482,496,520,510,520,500,508,485,316,338,305,321,299,306,299,319,304,339,319
784,422,295,317,306,338,319,490,511,501,519,509,527,506,498,499,501,317,296,303,319,329,330,310,335,302,324,329,494,497,482,497,522,496,501,507,521,493,339,306,328,326,303,304,298,320,303,337,318
788,420,296,317,304,337,319,488,509,502,517,508,529,503,497,511,527,318,295,301,319,326,330,310,335,302,322,491,513,498,497,516,508,496,499,509,517,494,340,304,327,320,297,298,320,327,325,315,495
792,421,293,317,306,339,317,486,514,498,520,509,517,498,496,516,523,317,296,303,319,325,332,333,321,309,328,487,516,501,492,521,502,509,523,518,496,483,317,324,330,318,298,300,326,323,305,336,500
796,419,297,318,306,339,318,488,514,501,517,490,517,497,503,515,526,316,295,303,327,305,310,333,323,309,329,491,516,495,486,504,500,508,522,522,494,486,339,306,322,297,303,304,327,327,304,315,496
800,420,295,317,305,338,317,489,513,524,509,486,515,498,498,514,526,323,302,320,327,304,310,332,324,300,321,511,504,495,482,503,496,520,500,508,485,316,339,305,321,305,303,299,320,305,336,316,494
804,424,293,316,306,337,317,491,513,514,513,484,518,496,502,516,499,324,305,321,325,307,310,321,311,301,324,506,505,497,493,522,512,522,498,506,489,336,302,325,331,303,304,300,325,323,315,495,497
808,419,295,317,305,335,317,493,518,515,512,486,517,495,517,521,497,327,304,319,327,326,330,320,312,303,323,485,497,480,497,516,512,504,503,520,495,338,306,324,321,296,300,320,324,322,337,502,523
812,421,295,317,305,338,318,498,519,518,512,486,517,506,516,519,502,326,305,327,305,325,331,321,310,322,329,492,497,487,494,504,497,500,506,516,487,317,327,324,321,298,304,328,323,302,338,503,517
816,422,294,317,305,338,319,499,520,520,511,495,527,505,514,524,503,316,295,326,304,326,331,332,304,324,328,493,507,494,518,504,500,520,520,496,489,317,323,318,300,304,306,326,304,335,318,494,515
820,421,294,316,307,338,489,502,518,520,513,513,528,507,513,526,327,316,294,328,305,330,310,332,304,323,491,510,506,494,518,500,511,524,519,495,317,338,305,322,300,306,298,322,303,337,494,504,520
824,424,294,315,306,339,487,500,518,519,512,514,528,502,516,499,327,315,296,328,323,331,311,331,311,330,489,513,507,479,504,497,510,502,503,490,316,337,327,326,307,304,298,327,323,315,497,521,516
828,420,296,318,306,337,488,502,521,517,486,516,528,501,496,501,326,316,294,320,328,332,310,320,309,328,493,504,494,482,504,511,522,504,508,485,338,303,324,329,300,298,319,327,304,340,499,522,507
832,421,295,317,305,319,490,499,520,501,490,516,527,497,499,501,327,296,304,320,326,312,333,322,311,323,510,504,496,495,519,511,525,507,521,496,338,324,329,321,299,307,326,323,304,316,495,515,505
836,422,295,316,305,320,489,497,522,495,490,517,524,496,497,503,328,293,304,321,307,310,333,322,304,322,513,499,478,498,517,512,504,506,521,483,317,325,324,296,306,304,328,303,335,318,489,522,525
840,420,295,318,306,318,485,500,518,501,485,517,507,493,501,502,319,295,304,326,305,311,332,309,302,324,491,494,483,492,504,498,500,521,493,489,316,303,317,297,307,298,318,304,317,493,500,522,505
844,421,295,317,305,319,490,500,513,499,491,518,504,497,500,524,318,294,321,328,305,310,321,309,303,331,491,496,496,519,506,497,522,521,500,316,338,305,319,305,308,299,324,324,318,501,521,516,506
848,422,295,316,304,320,492,501,512,499,489,523,500,495,516,522,319,304,320,330,306,330,321,310,326,330,489,501,496,519,493,510,524,508,487,319,339,324,328,304,301,321,328,304,336,499,514,507,524
852,421,296,318,305,319,492,498,515,498,490,530,502,500,514,523,318,302,319,327,328,330,319,302,325,328,513,505,493,504,499,507,508,506,487,340,303,326,320,299,302,325,325,305,316,492,516,526,520
856,421,296,317,324,320,491,518,513,496,512,527,501,501,512,525,326,301,320,305,326,329,330,303,325,490,512,503,484,502,493,522,500,522,493,339,325,329,317,304,309,327,303,335,317,497,523,530,487
860,424,296,317,325,319,489,523,512,500,511,528,500,499,516,500,328,304,327,307,329,311,332,300,330,493,513,496,483,521,509,520,509,520,494,317,324,331,297,303,300,319,303,316,493,500,516,504,493
864,423,296,317,326,319,491,522,511,519,510,523,497,505,517,499,325,295,327,307,331,310,331,310,331,514,503,496,497,524,509,500,511,495,487,317,306,322,297,304,301,329,324,316,500,523,515,527,517
868,423,294,317,326,316,487,523,511,516,511,526,497,495,523,501,326,295,328,326,330,310,321,310,329,517,502,483,497,517,494,495,524,497,481,340,306,324,304,304,320,325,305,337,498,515,505,524,495
872,421,296,316,325,318,496,519,510,520,511,516,496,497,519,501,316,296,328,324,330,333,321,308,325,513,492,481,497,502,494,518,519,488,313,338,328,329,296,299,322,327,302,318,496,508,527,516,510
876,420,296,318,327,320,494,520,516,518,510,516,498,514,520,500,319,294,320,326,310,332,322,302,326,492,498,484,518,502,512,519,508,488,317,303,326,320,297,307,331,326,335,317,501,521,525,489,510
880,421,295,317,326,320,497,520,501,519,512,517,501,517,524,323,317,303,321,326,311,331,310,302,332,490,495,497,521,498,510,507,510,494,338,306,325,321,304,306,321,304,336,495,498,517,505,518,522
884,419,294,318,326,318,496,521,499,522,488,515,495,513,524,322,319,304,322,304,308,322,311,300,333,491,501,497,504,492,522,498,517,494,337,328,330,296,305,300,323,322,316,502,520,515,525,513,514
888,421,295,318,328,319,494,521,503,517,492,515,503,515,498,327,297,304,320,304,311,320,309,325,330,512,503,482,503,513,517,509,517,488,318,327,321,298,307,297,327,325,337,500,514,507,515,490,521
892,425,293,315,325,321,498,518,504,516,493,515,502,519,501,322,296,306,329,304,330,321,303,324,494,511,494,485,521,508,504,509,496,489,316,305,321,306,307,319,327,305,339,493,513,531,516,511,522
896,426,296,326,326,338,497,513,500,507,491,524,502,500,505,316,296,318,327,329,331,331,302,329,494,506,494,494,520,498,506,516,498,316,337,327,325,298,300,324,327,335,317,503,523,501,497,523,499
900,419,296,326,324,336,498,510,501,509,490,526,500,502,499,313,297,320,327,325,331,331,300,327,496,504,494,496,516,498,500,520,498,313,306,325,317,297,305,325,306,334,496,500,513,507,515,523,490
904,423,296,324,327,339,497,510,502,504,489,521,504,497,499,316,297,318,303,330,311,330,308,329,518,501,482,494,504,497,516,521,487,340,303,328,317,304,307,320,304,317,496,520,513,522,518,511,486
908,421,295,327,326,338,495,512,502,508,491,531,497,500,523,316,305,319,307,326,311,331,310,324,512,497,485,519,504,512,520,507,490,340,327,329,297,304,301,321,325,316,501,523,502,514,488,522,504
912,423,296,326,325,336,495,512,501,507,517,529,497,499,525,317,304,327,306,331,310,323,310,321,516,498,496,517,499,511,501,506,499,317,327,319,297,304,299,326,326,337,495,516,526,516,511,523,491
916,419,296,327,324,338,498,511,523,507,514,528,490,502,523,323,304,326,305,330,310,320,299,325,496,495,497,501,492,524,495,520,499,315,305,317,306,303,322,327,305,317,494,521,527,491,516,503,500
920,421,294,325,327,339,491,512,522,509,515,526,500,511,525,325,305,326,326,330,331,322,302,329,490,506,494,504,510,520,509,518,489,340,303,328,305,299,318,328,340,314,498,523,503,517,518,487,507
924,420,294,326,326,338,489,510,524,508,518,504,494,514,521,326,297,327,325,331,331,310,300,329,518,506,482,504,511,499,507,496,490,338,328,326,297,300,330,303,337,495,501,513,523,518,511,500,513
928,421,295,325,326,338,491,510,523,491,517,503,498,516,500,323,297,323,326,311,332,310,324,329,516,495,481,520,510,501,525,497,318,305,324,321,298,305,320,303,317,502,524,503,526,489,518,499,509
932,420,296,327,325,336,490,512,522,487,518,501,500,513,499,326,297,319,325,311,321,310,322,487,514,494,498,521,497,505,515,490,318,302,324,318,303,297,321,325,317,498,517,500,518,508,515,491,508
936,421,295,326,324,339,492,507,524,488,516,504,493,519,497,316,297,321,303,309,322,301,324,491,504,496,495,500,500,520,504,490,339,325,328,298,304,297,327,323,340,494,517,526,489,506,501,501,509
940,421,296,326,305,338,489,523,524,486,522,503,495,520,500,317,307,319,306,331,321,301,328,489,505,483,495,502,512,523,505,495,342,324,321,297,304,320,328,304,319,492,523,506,488,517,487,503,518
944,420,295,326,306,337,489,517,524,487,525,502,498,520,500,317,307,328,307,330,332,300,329,516,504,482,519,502,510,503,506,494,319,306,321,305,299,319,325,338,318,503,514,502,519,508,489,511,501
948,421,297,325,304,338,490,514,526,485,529,497,496,523,323,316,306,328,304,328,333,311,327,513,498,480,521,496,510,504,514,488,319,302,326,304,298,324,305,337,492,522,514,526,493,503,502,503,521
952,420,293,326,306,337,487,518,499,493,527,492,503,521,323,295,304,327,326,330,330,311,325,513,495,496,517,500,519,505,522,487,341,324,327,296,306,325,303,318,504,521,505,515,492,525,485,511,524
956,421,297,327,305,337,490,518,502,490,524,497,514,523,324,295,322,327,327,310,333,312,324,488,498,498,504,512,521,507,495,317,341,327,321,298,306,320,326,316,508,514,523,517,509,496,503,511,500
960,420,295,326,306,320,488,518,503,508,526,497,515,501,326,295,321,307,326,310,321,302,324,495,503,483,503,512,501,519,496,316,307,325,320,304,300,327,323,336,498,525,526,487,523,490,498,520,328
964,418,294,327,306,319,489,517,500,511,522,494,516,501,326,295,320,307,332,310,319,302,329,489,506,482,515,512,502,519,490,315,305,325,297,305,298,329,305,316,494,522,504,517,519,490,511,495,332
968,419,295,327,304,318,492,514,501,508,515,498,509,502,317,295,322,307,330,331,323,302,327,511,509,480,518,498,518,517,482,339,330,317,296,304,319,325,304,319,501,509,529,517,509,498,496,501,320
972,422,297,326,304,319,490,518,500,508,517,501,514,500,316,304,323,306,330,332,310,302,328,513,499,498,519,497,521,507,494,338,330,318,305,299,319,324,336,497,524,515,527,489,520,489,499,521,329
976,420,296,326,306,320,496,518,503,509,515,503,517,501,316,304,329,326,331,331,310,322,490,510,497,496,503,509,520,510,495,316,307,328,304,299,328,303,316,494,524,504,517,512,523,488,515,497,322
980,423,294,326,306,319,495,518,497,508,518,501,501,496,318,305,327,324,311,333,310,323,489,499,485,497,500,512,502,515,488,315,304,325,297,302,323,304,316,498,517,524,519,508,494,501,518,326,321
984,419,296,327,304,317,499,508,504,507,513,508,496,522,318,302,329,325,310,320,301,325,490,501,485,517,500,510,499,523,485,339,326,319,296,306,320,322,335,496,513,526,491,521,491,506,519,330,300
988,421,295,325,305,319,499,511,523,508,518,503,496,522,327,295,328,325,310,323,302,328,513,508,485,518,497,522,507,494,489,340,326,318,305,298,329,324,340,493,524,506,518,506,489,510,497,318,310
992,421,295,327,306,319,499,511,524,492,515,503,501,526,323,294,323,305,310,322,301,327,514,498,499,503,497,522,506,495,317,306,333,297,306,299,326,303,317,500,517,528,516,508,500,503,516,329,301
996,421,294,326,306,317,497,512,523,492,526,501,498,521,324,295,321,303,331,333,300,327,516,494,498,501,507,505,515,495,317,304,327,298,307,318,325,340,317,495,519,527,490,518,487,513,493,325,301
1000,422,296,324,306,319,497,511,522,484,529,494,500,522,323,296,321,305,329,333,311,322,488,498,495,505,506,501,522,484,339,325,322,304,305,320,324,334,496,518,507,518,505,500,486,512,497,318,310
1004,422,296,328,305,317,498,513,523,487,527,496,512,501,326,295,321,303,331,332,310,325,488,502,485,519,493,500,520,486,338,326,320,307,300,325,303,316,500,516,504,517,509,501,497,517,330,298,322
1008,422,296,327,304,319,499,512,523,491,528,497,513,500,316,304,330,325,334,333,310,325,489,501,485,519,496,521,508,496,316,304,331,298,300,326,302,319,501,516,529,491,518,491,510,496,320,308,328
1012,421,296,326,304,319,498,508,526,485,519,497,512,499,317,303,328,329,310,319,301,329,512,503,480,518,495,515,509,494,316,306,331,296,303,320,324,333,491,525,504,517,506,502,510,493,320,309,330
1016,420,293,326,306,319,494,512,524,487,524,495,517,501,316,305,329,327,311,322,300,327,517,497,494,504,511,501,521,486,340,324,322,303,307,320,324,335,492,521,506,513,508,502,497,518,330,297,322
1020,422,295,327,306,318,497,511,525,489,526,497,516,499,317,305,330,326,310,320,300,329,516,497,500,504,510,499,516,487,339,327,322,307,300,327,303,318,501,516,530,491,517,490,511,496,320,308,332
1024,421,317,326,337,490,521,500,512,522,507,500,523,325,296,321,306,330,332,310,325,491,501,483,522,496,520,507,497,317,305,328,299,309,320,323,336,494,525,501,518,508,499,500,517,330,297,320,309
