229
221
225
222
231
223
226
222
231
221
224
221
231
224
224
175
230
224
225
220
230
224
225
221
228
222
225
222
230
221
224
178
231
224
224
220
231
223
224
220
231
224
225
221
228
223
225
179
229
222
225
220
231
223
223
222
231
224
223
221
231
225
224
177
223
217
219
219
222
216
220
220
222
214
218
219
224
216
218
176
224
216
219
217
222
218
219
219
221
215
219
219
222
216
220
175
224
215
218
219
224
217
219
217
223
218
218
218
224
218
219
174
222
218
220
219
222
215
217
219
225
217
218
218
224
217
217
174
232
224
225
220
228
224
225
222
230
223
226
221
230
221
224
179
231
224
223
219
231
224
224
221
231
223
224
219
230
224
225
179
230
221
225
222
231
222
224
221
230
223
223
220
231
224
226
175
228
224
225
220
230
223
225
221
230
222
226
222
231
222
223
178
224
217
218
217
225
216
219
217
222
217
221
219
223
214
219
176
225
215
219
219
223
216
218
218
224
217
219
216
223
217
220
176
223
216
219
219
221
215
221
219
224
215
217
218
224
217
218
174
222
216
218
217
223
218
220
219
223
214
219
219
224
216
218
