1412
1122
1639
1157
856
1184
1173
714
725
890
722
1168
1369
1125
688
1111
1121
1336
897
731
1179
1153
1232
1159
721
858
682
735
1131
685
705
1199
1338
920
841
877
687
687
691
716
904
1292
1307
1154
1325
865
872
953
1145
689
699
727
1127
791
1247
948
722
727
919
701
694
873
893
846
904
886
1346
871
904
688
1058
893
878
745
1156
711
895
868
723
739
728
718
711
1208
913
1173
1111
728
683
911
722
930
724
704
689
698
695
760
913
862
702
862
1334
685
732
897
747
903
938
684
1247
872
915
872
909
729
966
683
684
793
893
695
689
930
910
696
906
677
922
725
690
886
688
708
683
860
730
1339
731
709
880
688
881
906
885
686
690
906
871
952
697
687
685
725
702
685
701
726
726
901
714
916
1355
876
711
689
773
695
741
888
870
725
696
1012
878
704
720
764
880
886
717
881
719
715
726
887
1039
688
894
899
687
868
896
689
717
916
709
720
708
693
690
886
727
874
906
882
759
734
755
901
954
1324
915
911
689
688
879
938
877
878
743
714
1100
731
693
904
882
862
904
907
913
718
907
729
914
924
927
709
729
691
892
684
1016
685
693
883
881
842
868
868
711
736
877
890
720
678
735
736
684
711
894
720
891
884
721
725
683
775
863
689
930
938
897
1057
886
685
868
683
777
839
960
904
891
720
693
720
949
880
733
912
696
727
901
943
712
1119
686
1175
712
694
889
922
692
678
699
844
901
1151
877
881
741
685
878
721
690
730
693
913
1281
715
682
863
1117
870
899
707
701
917
888
1247
920
880
727
727
1225
685
1303
885
717
891
878
877
895
913
701
711
931
878
910
706
713
1335
684
883
736
863
983
861
906
848
900
894
921
890
889
899
702
870
696
887
712
728
930
894
941
1241
908
883
991
684
688
721
710
675
691
892
738
955
689
894
749
923
885
710
901
722
909
713
915
714
725
893
931
719
713
726
880
867
753
709
912
711
720
912
884
675
698
932
685
962
882
923
869
705
726
890
901
705
923
848
925
1142
721
894
1003
920
686
956
704
876
749
933
705
861
852
893
800
716
854
683
690
687
1221
695
715
898
890
1324
885
891
1120
731
877
680
686
737
938
982
866
880
902
736
907
866
727
685
716
948
1026
1183
693
687
906
1091
715
879
838
732
920
690
899
989
1321
872
870
703
748
952
685
881
716
896
973
1100
726
882
690
898
889
889
701
724
919
923
861
739
953
719
752
923
918
718
701
720
897
981
693
706
862
688
915
719
904
891
931
877
688
931
727
720
881
883
687
701
738
691
707
887
850
729
880
905
930
900
716
897
912
1127
784
855
686
684
1028
745
906
907
852
874
718
689
875
920
919
684
690
911
931
722
914
698
695
902
732
896
683
879
762
885
916
870
917
670
728
913
727
911
854
916
1153
889
886
721
711
912
719
689
894
717
692
685
733
866
701
941
796
1027
709
877
871
722
951
750
928
1137
705
731
687
710
844
683
686
719
1190
697
695
884
693
917
687
870
921
1249
1275
691
925
871
749
686
690
701
885
687
899
926
880
845
874
691
702
748
922
687
918
874
758
724
921
897
731
709
813
844
908
692
720
890
888
965
860
912
1310
718
1225
877
687
710
689
916
688
889
682
945
867
876
1073
714
916
921
914
690
915
772
1310
708
691
920
887
892
746
876
919
1097
717
719
919
718
712
691
747
702
878
878
715
691
892
896
766
714
897
857
930
711
880
832
902
869
1139
687
729
714
757
866
810
884
915
682
923
715
886
699
1080
681
912
757
695
693
865
961
885
981
896
885
763
710
866
1132
728
713
859
882
917
922
916
916
741
934
895
885
874
695
927
1220
748
917
909
885
688
714
696
688
907
901
730
813
720
702
819
873
684
879
727
718
932
1006
732
872
879
929
889
723
698
735
883
699
901
720
933
748
683
687
701
921
684
914
684
730
684
865
1037
923
978
712
687
718
936
732
885
913
1007
919
860
899
726
1153
918
697
697
676
706
884
726
1026
728
870
921
917
689
685
883
698
701
917
914
715
687
698
1152
692
692
886
691
880
877
888
877
682
729
685
874
716
728
877
711
877
923
716
707
1116
705
943
698
1049
865
731
777
711
704
906
921
717
907
887
931
906
1238
754
726
738
897
877
872
676
908
882
860
893
868
703
730
924
930
868
715
887
883
686
683
683
894
924
1133
936
706
873
891
713
928
890
687
686
715
696
858
672
691
892
894
687
887
883
767
893
1292
719
688
931
719
692
708
700
704
871
1169
1122
866
721
867
723
937
884
718
701
862
874
1072
863
727
702
1027
1199
855
719
745
714
738
892
873
733
954
908
898
893
740
911
892
764
919
706
716
881
908
885
918
794
1279
931
1043
864
877
695
868
926
811
965
931
924
907
877
878
904
688
713
730
894
911
687
717
698
727
754
720
859
919
927
698
727
905
917
726
699
726
929
753
710
881
718
713
708
952
687
752
881
696
691
1118
912
888
891
744
708
766
692
750
1145
690
907
685
884
736
870
687
701
713
698
1243
896
1079
689
880
728
927
718
1018
718
884
688
685
715
888
692
693
884
706
912
916
722
896
726
890
1132
917
876
890
710
686
697
871
690
688
867
741
711
1033
904
752
720
880
1316
1166
704
716
711
1352
894
684
743
687
1113
739
913
683
894
742
907
697
1092
719
882
731
740
866
874
895
935
888
681
1083
864
909
1104
745
884
901
733
880
735
915
729
730
692
686
883
925
925
907
707
887
939
913
720
714
942
889
1023
728
919
908
724
722
721
736
1091
691
708
700
880
875
897
720
878
716
712
928
708
1090
864
915
713
688
682
892
859
710
716
872
683
777
715
890
719
925
976
731
953
871
700
867
867
1302
902
926
877
920
686
887
902
686
1056
874
724
1064
867
711
713
689
865
743
915
888
902
685
741
687
704
725
907
889
708
707
746
928
901
700
855
688
907
881
901
872
1050
693
935
916
873
866
890
874
871
784
691
686
868
913
686
890
685
1251
723
727
868
781
716
901
878
884
704
949
893
907
865
723
883
879
686
715
897
709
708
830
891
1139
717
886
709
878
734
690
724
885
874
914
869
717
690
890
692
726
686
714
921
681
692
692
712
1261
727
732
915
685
910
944
940
682
1059
708
720
886
875
798
902
903
888
772
874
723
690
886
921
897
710
685
868
1091
710
892
1092
694
894
705
718
723
876
710
719
873
886
896
722
685
923
685
1136
1017
746
712
737
912
684
688
852
887
718
854
907
740
1176
725
887
902
912
847
705
727
1257
959
1162
701
684
792
891
745
708
713
728
724
897
891
732
876
917
1007
727
878
726
1249
877
717
907
893
877
734
914
990
717
903
721
889
836
913
873
874
721
688
889
739
716
731
716
1117
696
895
937
692
1299
872
717
1040
862
898
887
884
718
880
884
1016
721
693
689
720
895
695
742
900
689
902
730
1127
876
933
920
897
873
926
689
896
922
722
690
700
928
683
713
1122
710
888
918
713
851
865
712
689
718
908
717
907
704
912
1075
711
1154
716
826
684
707
710
897
716
895
910
899
945
876
1146
867
880
749
1021
698
894
676
752
907
915
737
748
916
696
690
708
916
862
691
919
700
923
706
917
702
889
911
703
687
923
692
718
685
726
877
729
728
701
716
994
683
1135
715
685
913
689
733
914
730
885
906
913
878
759
682
698
898
895
1038
871
703
880
706
863
908
874
716
884
869
932
687
886
704
912
1062
907
872
893
713
693
951
739
949
877
739
693
712
895
719
716
689
748
694
903
1151
892
720
914
888
741
941
686
686
703
894
875
887
913
716
745
721
716
863
944
723
732
697
878
903
879
874
742
862
708
885
914
706
909
883
686
918
704
692
931
689
689
921
914
1087
685
720
715
860
887
922
929
693
716
925
703
918
912
920
694
738
688
744
872
867
685
914
719
1144
868
685
778
920
849
1124
696
881
910
905
902
908
714
762
913
706
698
700
867
723
721
917
717
1220
733
687
717
723
681
944
694
868
1085
686
914
938
1170
682
877
732
760
885
696
685
944
722
881
694
913
699
686
899
683
695
926
712
706
859
907
694
1287
717
888
735
907
894
881
1260
729
873
687
1069
686
1282
741
708
697
723
1333
719
864
731
744
673
907
701
898
687
872
685
720
721
894
687
886
684
1049
727
879
873
1071
722
867
712
884
919
735
706
922
714
911
717
866
715
732
926
923
720
715
721
684
687
690
684
886
916
926
715
897
686
887
677
730
890
717
720
917
723
697
901
690
688
682
901
700
875
902
881
682
875
912
741
709
718
917
704
735
701
713
729
892
936
692
1167
793
885
727
844
693
873
751
1135
1328
866
693
685
687
908
908
916
917
840
695
696
911
866
885
712
930
828
852
903
722
894
886
873
742
731
894
899
689
931
922
733
885
692
883
688
1119
906
728
852
897
893
899
922
712
873
874
887
690
709
949
719
704
713
757
673
690
712
727
733
1511
877
876
715
920
731
1125
982
710
721
887
943
735
726
730
941
718
873
711
736
713
688
914
716
938
912
929
700
695
686
688
942
894
720
924
778
724
702
939
910
1154
703
875
700
1030
696
884
824
690
876
967
912
910
861
736
721
730
711
719
916
906
699
688
746
924
738
915
938
903
712
716
710
882
688
860
851
893
1203
715
1026
685
920
1233
1180
1196
888
1096
1093
686
860
930
711
870
926
861
730
893
937
701
1042
984
718
915
913
836
683
754
856
730
867
1061
872
918
709
893
687
911
1270
887
1249
711
921
697
722
886
890
1123
688
861
948
926
872
890
898
687
911
717
684
886
