32,1408,85,85,85,85,85,85,85,85,85,85,85,85,85,85,85,85,85,85,85,85,85,85,85,85,85,85,85,85,85,85,85,85,85,85,85,85,85,85,85,85,85,85,85
32,1474,85,85,85,85,85,85,85,85,85,85,85,85,85,85,85,85,85,85,85,85,85,85,85,85,85,85,85,85,85,85,85,85,85,85,85,85,85,85,85,85,85,85,85,85,85
32,1540,85,85,85,85,85,85,85,85,85,85,85,85,85,85,85,85,85,85,85,85,85,85,85,85,85,85,85,85,85,85,85,85,85,85,85,85,85,85,85,85,85,85,85,85,85,85,85
32,1606,85,85,85,85,85,85,85,85,85,85,85,85,85,85,85,85,85,85,85,85,85,85,85,85,85,85,85,85,85,85,85,85,85,85,85,85,85,85,85,85,85,85,85,85,85,85,85,85,85
32,1672,85,85,85,85,85,85,85,85,85,85,85,85,85,85,85,85,85,85,85,85,85,85,85,85,85,85,85,85,85,85,85,85,85,85,85,85,85,85,85,85,85,85,85,85,85,85,85,85,85,85,85
32,1738,85,85,85,85,85,85,85,85,85,85,85,85,85,85,85,85,85,85,85,85,85,85,85,85,85,85,85,85,85,85,85,85,85,85,85,85,85,85,85,85,85,85,85,85,85,85,85,85,85,85,85,85,85
32,1804,85,85,85,85,85,85,85,85,85,85,85,85,85,85,85,85,85,85,85,85,85,85,85,85,85,85,85,85,85,85,85,85,85,85,85,85,85,85,85,85,85,85,85,85,85,85,85,85,85,85,85,85,85,85,85
32,1870,85,85,85,85,85,85,85,85,85,85,85,85,85,85,85,85,85,85,85,85,85,85,85,85,85,85,85,85,85,85,85,85,85,85,85,85,85,85,85,85,85,85,85,85,85,85,85,85,85,85,85,85,85,85,85,85,85
32,1936,85,85,85,85,85,85,85,85,85,85,85,85,85,85,85,85,85,85,85,85,85,85,85,85,85,85,85,85,85,85,85,85,85,85,85,85,85,85,85,85,85,85,85,85,85,85,85,85,85,85,85,85,85,85,85,85,85,85,85
32,2002,85,85,85,85,85,85,85,85,85,85,85,85,85,85,85,85,85,85,85,85,85,85,85,85,85,85,85,85,85,85,85,85,85,85,85,85,85,85,85,85,85,85,85,85,85,85,85,85,85,85,85,85,85,85,85,85,85,85,85,85,85
32,2068,85,85,85,85,85,85,85,85,85,85,85,85,85,85,85,85,85,85,85,85,85,85,85,85,85,85,85,85,85,85,85,85,85,85,85,85,85,85,85,85,85,85,85,85,85,85,85,85,85,85,85,85,85,85,85,85,85,85,85,85,85,85,85
32,2134,85,85,85,85,85,85,85,85,85,85,85,85,85,85,85,85,85,85,85,85,85,85,85,85,85,85,85,85,85,85,85,159,85,85,85,85,85,85,85,85,85,85,85,85,85,85,85,159,85,85,85,85,85,85,85,85,85,85,85,85,85,85,85,159,85
32,2200,85,158,85,85,85,85,85,85,85,85,85,85,85,85,85,85,85,85,85,85,85,85,85,85,85,85,85,85,85,85,85,159,85,159,85,85,85,85,85,85,85,85,85,85,85,85,85,159,85,159,85,85,85,85,85,85,85,85,85,85,85,85,85,159,85,159,85
32,2266,85,158,85,159,85,85,85,85,85,85,85,85,85,85,85,85,85,85,85,85,85,85,85,85,85,85,85,85,85,85,85,159,85,159,85,159,85,85,85,85,85,85,85,85,85,85,85,159,85,159,85,159,85,85,85,85,85,85,85,85,85,85,85,159,85,159,85,159,85
32,2332,85,158,85,159,85,159,85,85,85,85,85,85,85,85,85,85,85,85,85,85,85,85,85,85,85,85,85,85,85,85,85,159,85,159,85,159,85,159,85,85,85,85,85,85,85,85,85,159,85,159,85,159,85,159,85,85,85,85,85,85,85,85,85,159,85,159,85,159,85,159,85
32,2398,85,158,85,159,85,159,85,159,85,85,85,85,85,85,85,85,85,85,85,85,85,85,85,85,85,85,85,85,85,85,85,159,85,159,85,159,85,159,85,159,85,85,85,85,85,85,85,159,85,159,85,159,85,159,85,159,85,85,85,85,85,85,85,159,85,159,85,159,85,159,85,159,85
32,2464,85,158,85,159,85,159,85,159,85,159,85,159,85,85,85,85,85,85,85,85,85,85,85,85,85,85,85,85,85,85,85,159,85,159,85,159,85,159,85,159,85,159,85,159,85,85,85,159,85,159,85,159,85,159,85,159,85,159,85,159,85,85,85,159,85,159,85,159,85,159,85,159,85,159,85,159
32,2530,85,158,85,159,85,159,85,159,85,159,85,159,85,159,85,85,85,85,85,85,85,85,85,85,85,85,85,85,85,85,85,159,85,159,85,159,85,159,85,159,85,159,85,159,85,159,85,159,85,159,85,159,85,159,85,159,85,159,85,159,85,159,85,159,85,159,85,159,85,159,85,159,85,159,85,159,85,159
32,2596,85,158,85,159,85,159,85,159,85,159,85,159,85,159,85,159,85,85,85,85,85,85,85,85,85,85,85,85,85,85,85,159,85,159,85,159,85,159,85,159,85,159,85,159,85,159,85,159,85,159,85,159,85,159,85,159,85,159,85,159,85,159,85,159,85,159,85,159,85,159,85,159,85,159,85,159,85,159,85,159
32,2662,85,158,85,159,85,159,85,159,85,159,85,159,85,159,85,159,85,159,85,85,85,85,85,85,85,85,85,85,85,85,85,159,85,159,85,159,85,159,85,159,85,159,85,159,85,159,85,159,85,159,85,159,85,159,85,159,85,159,85,159,85,159,85,159,85,159,85,159,85,159,85,159,85,159,85,159,85,159,85,159,85,159
32,2728,85,158,85,159,85,159,85,159,85,159,85,159,85,159,85,159,85,159,85,159,85,85,85,85,85,85,85,85,85,85,85,159,85,159,85,159,85,159,85,159,85,159,85,159,85,159,85,159,85,159,85,159,85,159,85,159,85,159,85,159,85,159,85,159,85,159,85,159,85,159,85,159,85,159,85,159,85,159,85,159,85,159,85,159
32,2794,85,158,85,159,85,159,85,159,85,159,85,159,85,159,85,159,85,159,85,159,85,159,85,85,85,85,85,85,85,85,85,159,85,159,85,159,85,159,85,159,85,159,85,159,85,159,85,159,85,159,85,159,85,159,85,159,85,159,85,159,85,159,85,159,85,159,85,159,85,159,85,159,85,159,85,159,85,159,85,159,85,159,85,159,85,159
64,1408,85,85,85,85,85,85,85,85,85,85,85,85,85,85,85,85,85,85,85,85,85
64,1474,85,85,85,85,85,85,85,85,85,85,85,85,85,85,85,85,85,85,85,85,85,85
64,1540,85,85,85,85,85,85,85,85,85,85,85,85,85,85,85,85,85,85,85,85,85,85,85
64,1606,85,85,85,85,85,85,85,85,85,85,85,85,85,85,85,85,85,85,85,85,85,85,85,85
64,1672,85,85,85,85,85,85,85,85,85,85,85,85,85,85,85,85,85,85,85,85,85,85,85,85,85
64,1738,85,85,85,85,85,85,85,85,85,85,85,85,85,85,85,85,85,85,85,85,85,85,85,85,85,85
64,1804,85,85,85,85,85,85,85,85,85,85,85,85,85,85,85,85,85,85,85,85,85,85,85,85,85,85,85
64,1870,85,85,85,85,85,85,85,85,85,85,85,85,85,85,85,85,85,85,85,85,85,85,85,85,85,85,85,85
64,1936,85,85,85,85,85,85,85,85,85,85,85,85,85,85,85,85,85,85,85,85,85,85,85,85,85,85,85,85,85
64,2002,85,85,85,85,85,85,85,85,85,85,85,85,85,85,85,85,85,85,85,85,85,85,85,85,85,85,85,85,85,85
64,2068,85,85,85,85,85,85,85,85,85,85,85,85,85,85,85,85,85,85,85,85,85,85,85,85,85,85,85,85,85,85,85
64,2134,85,85,85,85,85,85,85,85,85,85,85,85,85,85,85,159,85,85,85,85,85,85,85,159,85,85,85,85,85,85,85,159
64,2200,158,85,85,85,85,85,85,85,85,85,85,85,85,85,85,159,159,85,85,85,85,85,85,159,159,85,85,85,85,85,85,159,159
64,2266,158,158,85,85,85,85,85,85,85,85,85,85,85,85,85,159,159,159,85,85,85,85,85,159,159,159,85,85,85,85,85,159,159,159
64,2332,158,158,159,85,85,85,85,85,85,85,85,85,85,85,85,159,159,159,159,85,85,85,85,159,159,159,159,85,85,85,85,159,159,159,159
64,2398,158,158,159,159,85,85,85,85,85,85,85,85,85,85,85,159,159,159,159,159,85,85,85,159,159,159,159,159,85,85,85,159,159,159,159,159
64,2464,158,159,159,159,159,85,85,85,85,85,85,85,85,85,85,159,159,159,159,159,159,85,85,159,159,159,159,159,159,85,85,159,159,159,159,159,159
64,2530,158,158,159,159,159,159,85,85,85,85,85,85,85,85,85,159,159,159,159,159,159,159,85,159,159,159,159,159,159,159,85,159,159,159,159,159,159,159
64,2596,158,158,159,159,159,159,159,85,85,85,85,85,85,85,85,159,159,159,159,159,159,159,159,159,159,159,159,159,159,159,159,159,159,159,159,159,159,159,159
64,2662,158,161,159,159,159,159,159,159,85,85,85,85,85,85,85,159,159,159,159,159,159,159,159,159,159,159,159,159,159,159,159,159,159,159,159,159,159,159,159,159
64,2728,158,158,159,159,159,159,159,159,159,85,85,85,85,85,85,159,159,159,159,159,159,159,159,159,159,159,159,159,159,159,159,159,159,159,159,159,159,159,159,159,159
64,2794,158,161,159,159,159,159,159,159,159,159,85,85,85,85,85,159,159,159,159,159,159,159,159,159,159,159,159,159,159,159,159,159,159,159,159,159,159,159,159,159,159,159
96,1408,85,85,85,85,85,85,85,85,85,85,85,85,85
96,1474,85,85,85,85,85,85,85,85,85,85,85,85,85,85
96,1540,85,85,85,85,85,85,85,85,85,85,85,85,85,85,85
96,1606,85,85,85,85,85,85,85,85,85,85,85,85,85,85,85
96,1672,85,85,85,85,85,85,85,85,85,85,85,85,85,85,85,85
96,1738,85,85,85,85,85,85,85,85,85,85,85,85,85,85,85,85,85
96,1804,85,85,85,85,85,85,85,85,85,85,85,85,85,85,85,85,85
96,1870,85,85,85,85,85,85,85,85,85,85,85,85,85,85,85,85,85,85
96,1936,85,85,85,85,85,85,85,85,85,85,85,85,85,85,85,85,85,85,85
96,2002,85,85,85,85,85,85,85,85,85,85,85,85,85,85,85,85,85,85,85
96,2068,85,85,85,85,85,85,85,85,85,85,85,85,85,85,85,85,85,85,85,85
96,2134,85,85,85,85,85,85,85,85,85,85,85,85,85,85,85,85,85,85,85,85,85
96,2200,85,85,85,85,85,85,85,85,85,85,85,85,85,85,85,85,85,85,85,85,85
96,2266,85,85,85,85,85,85,85,85,85,85,85,85,85,85,85,85,85,85,85,85,85,85
96,2332,85,85,85,85,85,85,85,85,85,85,85,85,85,85,85,85,85,85,85,85,85,85,85
96,2398,85,85,85,85,85,85,85,85,85,85,85,85,85,85,85,85,85,85,85,85,85,85,85
96,2464,85,85,85,85,85,85,85,85,85,85,85,85,85,85,85,85,85,85,85,85,85,85,85,85
96,2530,85,85,85,85,85,85,85,85,85,85,85,85,85,85,85,85,85,85,85,85,85,85,85,85,85
96,2596,85,85,85,85,85,85,85,85,85,85,85,85,85,85,85,85,85,85,85,85,85,85,85,85,85,85
96,2662,85,85,85,85,85,85,85,85,85,85,85,85,85,85,85,85,85,85,85,85,85,85,85,85,85,85
96,2728,85,85,85,85,85,85,85,85,85,85,85,85,85,85,85,85,85,85,85,85,85,85,85,85,85,85,85
96,2794,85,85,85,85,85,85,85,85,85,85,85,85,85,85,85,85,85,85,85,85,85,85,85,85,85,85,85,85
128,1408,85,85,85,85,85,85,85,85,85,85
128,1474,85,85,85,85,85,85,85,85,85,85
128,1540,85,85,85,85,85,85,85,85,85,85,85
128,1606,85,85,85,85,85,85,85,85,85,85,85
128,1672,85,85,85,85,85,85,85,85,85,85,85,85
128,1738,85,85,85,85,85,85,85,85,85,85,85,85
128,1804,85,85,85,85,85,85,85,85,85,85,85,85,85
128,1870,85,85,85,85,85,85,85,85,85,85,85,85,85
128,1936,85,85,85,85,85,85,85,85,85,85,85,85,85,85
128,2002,85,85,85,85,85,85,85,85,85,85,85,85,85,85
128,2068,85,85,85,85,85,85,85,85,85,85,85,85,85,85,85
128,2134,85,85,85,85,85,85,85,85,85,85,85,85,85,85,85
128,2200,85,85,85,85,85,85,85,159,85,85,85,159,85,85,85,159
128,2266,85,85,85,85,85,85,85,159,85,85,85,159,85,85,85,159
128,2332,158,85,85,85,85,85,85,159,159,85,85,159,159,85,85,159,159
128,2398,158,85,85,85,85,85,85,159,159,85,85,159,159,85,85,159,159
128,2464,158,161,85,85,85,85,85,159,159,159,85,159,159,159,85,159,159,159
128,2530,158,158,85,85,85,85,85,159,159,159,85,159,159,159,85,159,159,159
128,2596,158,158,159,85,85,85,85,159,159,159,159,159,159,159,159,159,159,159,159
128,2662,158,158,159,85,85,85,85,159,159,159,159,159,159,159,159,159,159,159,159
128,2728,158,158,159,159,85,85,85,159,159,159,159,159,159,159,159,159,159,159,159,159
128,2794,158,158,159,159,85,85,85,159,159,159,159,159,159,159,159,159,159,159,159,159
160,1408,85,85,85,85,85,85,85
160,1474,85,85,85,85,85,85,85,85
160,1540,85,85,85,85,85,85,85,85
160,1606,85,85,85,85,85,85,85,85,85
160,1672,85,85,85,85,85,85,85,85,85
160,1738,85,85,85,85,85,85,85,85,85
160,1804,85,85,85,85,85,85,85,85,85,85
160,1870,85,85,85,85,85,85,85,85,85,85
160,1936,85,85,85,85,85,85,85,85,85,85,85
160,2002,85,85,85,85,85,85,85,85,85,85,85
160,2068,85,85,85,85,85,85,85,85,85,85,85
160,2134,85,85,85,85,85,85,85,85,85,85,85,85
160,2200,85,85,85,85,85,85,85,85,85,85,85,85
160,2266,85,85,85,85,85,85,85,85,85,85,85,85,85
160,2332,85,85,85,85,85,85,85,85,85,85,85,85,85
160,2398,85,85,85,85,85,85,85,85,85,85,85,85,85
160,2464,85,85,85,85,85,85,85,85,85,85,85,85,85,85
160,2530,85,85,85,85,85,85,85,85,85,85,85,85,85,85
160,2596,85,85,85,85,85,85,85,85,85,85,85,85,85,85,85
160,2662,85,85,85,85,85,85,85,85,85,85,85,85,85,85,85
160,2728,85,85,85,85,85,85,85,85,85,85,85,85,85,85,85,85
160,2794,85,85,85,85,85,85,85,85,85,85,85,85,85,85,85,85
192,1408,85,85,85,85,85,85
192,1474,85,85,85,85,85,85
192,1540,85,85,85,85,85,85,85
192,1606,85,85,85,85,85,85,85
192,1672,85,85,85,85,85,85,85
192,1738,85,85,85,85,85,85,85,85
192,1804,85,85,85,85,85,85,85,85
192,1870,85,85,85,85,85,85,85,85
192,1936,85,85,85,85,85,85,85,85,85
192,2002,85,85,85,85,85,85,85,85,85
192,2068,85,85,85,85,85,85,85,85,85
192,2134,85,85,85,85,85,85,85,85,85,85
192,2200,85,85,85,85,85,85,85,85,85,85
192,2266,85,85,85,85,85,85,85,85,85,85
192,2332,85,85,85,85,85,85,85,85,85,85,85
192,2398,85,85,85,85,85,85,85,85,85,85,85
192,2464,85,85,85,85,85,85,85,85,85,85,85
192,2530,85,85,85,85,85,85,85,85,85,85,85,85
192,2596,85,85,85,85,85,85,85,85,85,85,85,85
192,2662,85,85,85,85,85,85,85,85,85,85,85,85
192,2728,85,85,85,85,85,85,85,85,85,85,85,85,85
192,2794,85,85,85,85,85,85,85,85,85,85,85,85,85
224,1408,85,85,85,85,85
224,1474,85,85,85,85,85
224,1540,85,85,85,85,85
224,1606,85,85,85,85,85,85
224,1672,85,85,85,85,85,85
224,1738,85,85,85,85,85,85
224,1804,85,85,85,85,85,85,85
224,1870,85,85,85,85,85,85,85
224,1936,85,85,85,85,85,85,85
224,2002,85,85,85,85,85,85,85
224,2068,85,85,85,85,85,85,85,85
224,2134,85,85,85,85,85,85,85,85
224,2200,85,85,85,85,85,85,85,85
224,2266,85,85,85,85,85,85,85,85,85
224,2332,85,85,85,85,85,85,85,85,85
224,2398,85,85,85,85,85,85,85,85,85
224,2464,85,85,85,85,85,85,85,85,85,85
224,2530,85,85,85,85,85,85,85,85,85,85
224,2596,85,85,85,85,85,85,85,85,85,85
224,2662,85,85,85,85,85,85,85,85,85,85
224,2728,85,85,85,85,85,85,85,85,85,85,85
224,2794,85,85,85,85,85,85,85,85,85,85,85
256,1408,85,85,85,85
256,1474,85,85,85,85
256,1540,85,85,85,85,85
256,1606,85,85,85,85,85
256,1672,85,85,85,85,85
256,1738,85,85,85,85,85
256,1804,85,85,85,85,85,85
256,1870,85,85,85,85,85,85
256,1936,85,85,85,85,85,85
256,2002,85,85,85,85,85,85
256,2068,85,85,85,85,85,85,85
256,2134,85,85,85,85,85,85,85
256,2200,85,85,85,85,85,85,85
256,2266,85,85,85,85,85,85,85
256,2332,85,85,85,159,85,159,85,159
256,2398,85,85,85,159,85,159,85,159
256,2464,85,85,85,159,85,159,85,159
256,2530,85,85,85,159,85,159,85,159
256,2596,158,85,85,159,159,159,159,159,159
256,2662,158,85,85,159,159,159,159,159,159
256,2728,158,85,85,159,159,159,159,159,159
256,2794,158,85,85,159,159,159,159,159,159
288,1408,85,85,85
288,1474,85,85,85,85
288,1540,85,85,85,85
288,1606,85,85,85,85
288,1672,85,85,85,85
288,1738,85,85,85,85,85
288,1804,85,85,85,85,85
288,1870,85,85,85,85,85
288,1936,85,85,85,85,85
288,2002,85,85,85,85,85
288,2068,85,85,85,85,85,85
288,2134,85,85,85,85,85,85
288,2200,85,85,85,85,85,85
288,2266,85,85,85,85,85,85
288,2332,85,85,85,85,85,85,85
288,2398,85,85,85,85,85,85,85
288,2464,85,85,85,85,85,85,85
288,2530,85,85,85,85,85,85,85
288,2596,85,85,85,85,85,85,85,85
288,2662,85,85,85,85,85,85,85,85
288,2728,85,85,85,85,85,85,85,85
288,2794,85,85,85,85,85,85,85,85
