1536,85,85,85,85,85,85,85,85,85,85,85,85,85,85,85,85,85,85,85,85,85,85,85
1600,85,85,85,85,85,85,85,85,85,85,85,85,85,85,85,85,85,85,85,85,85,85,85,85
1664,85,85,85,85,85,85,85,85,85,85,85,85,85,85,85,85,85,85,85,85,85,85,85,85,85
1728,85,85,85,85,85,85,85,85,85,85,85,85,85,85,85,85,85,85,85,85,85,85,85,85,85,85
1792,85,85,85,85,85,85,85,85,85,85,85,85,85,85,85,85,85,85,85,85,85,85,85,85,85,85,85
1856,85,85,85,85,85,85,85,85,85,85,85,85,85,85,85,85,85,85,85,85,85,85,85,85,85,85,85,85
1920,85,85,85,85,85,85,85,85,85,85,85,85,85,85,85,85,85,85,85,85,85,85,85,85,85,85,85,85,85
1984,85,85,85,85,85,85,85,85,85,85,85,85,85,85,85,85,85,85,85,85,85,85,85,85,85,85,85,85,85,85
2048,85,85,85,85,85,85,85,85,85,85,85,85,85,85,85,85,85,85,85,85,85,85,85,85,85,85,85,85,85,85,85
2112,85,85,85,85,85,85,85,85,85,85,85,85,85,85,85,159,85,85,85,85,85,85,85,159,85,85,85,85,85,85,85,159
2176,158,85,85,85,85,85,85,85,85,85,85,85,85,85,85,159,159,85,85,85,85,85,85,159,159,85,85,85,85,85,85,159,159
2240,158,160,85,85,85,85,85,85,85,85,85,85,85,85,85,159,159,159,85,85,85,85,85,159,159,159,85,85,85,85,85,159,159,159
2304,158,161,159,85,85,85,85,85,85,85,85,85,85,85,85,159,159,159,159,85,85,85,85,159,159,159,159,85,85,85,85,159,159,159,159
2368,158,160,159,159,85,85,85,85,85,85,85,85,85,85,85,159,159,159,159,159,85,85,85,159,159,159,159,159,85,85,85,159,159,159,159,159
2432,158,158,159,159,159,85,85,85,85,85,85,85,85,85,85,159,159,159,159,159,159,85,85,159,159,159,159,159,159,85,85,159,159,159,159,159,159
2496,158,161,159,159,159,159,85,85,85,85,85,85,85,85,85,159,159,159,159,159,159,159,85,159,159,159,159,159,159,159,85,159,159,159,159,159,159,159
2560,158,158,159,159,159,159,159,85,85,85,85,85,85,85,85,159,159,159,159,159,159,159,159,159,159,159,159,159,159,159,159,159,159,159,159,159,159,159,159
2624,158,161,159,159,159,159,159,159,159,159,159,159,85,85,85,159,85,85,85,85,159,159,159,159,159,159,159,159,159,159,159,159,159,159,159,159,159,159,159,159
2688,158,158,159,159,159,159,159,159,159,85,85,85,85,85,85,159,159,159,159,159,159,159,159,159,159,159,159,159,159,159,159,159,159,159,159,159,159,159,159,159,159
2752,158,158,159,159,159,159,159,159,159,159,85,85,85,85,85,159,159,159,159,159,159,159,159,159,159,159,159,159,159,159,159,159,159,159,159,159,159,159,159,159,159,159
2816,158,158,159,159,159,159,159,159,159,159,159,85,85,85,85,159,159,159,159,159,159,159,159,159,159,159,159,159,159,159,159,159,159,159,159,159,159,159,159,159,159,159,159
