951
1043
564
1017
1065
981
1249
370
407
408
382
389
948
406
930
1058
941
916
949
385
402
969
963
927
956
405
964
962
376
384
966
484
1035
379
1043
931
284
371
387
380
387
411
414
402
383
382
964
960
374
380
1047
405
390
400
430
400
395
376
376
949
390
950
405
399
405
381
407
375
409
371
951
397
376
400
396
381
399
400
371
406
413
387
374
378
382
399
405
405
390
498
382
386
397
998
389
375
403
376
378
370
402
412
382
376
406
514
405
401
397
412
411
376
510
953
395
387
403
405
382
380
407
382
402
380
385
371
382
383
406
386
405
400
397
413
384
400
389
397
381
402
397
438
405
385
378
405
401
383
379
411
403
390
376
379
465
381
406
547
400
369
403
407
409
384
404
477
324
389
379
383
379
385
385
409
298
404
397
401
394
404
407
381
370
407
403
393
385
405
404
386
394
382
380
400
500
369
390
382
378
381
378
382
369
370
475
404
372
397
528
396
455
389
378
377
401
389
380
372
387
378
379
377
418
378
385
377
399
404
377
395
457
380
385
399
383
376
395
382
369
405
403
392
397
388
408
374
382
380
399
380
389
381
406
405
413
400
401
399
406
388
380
404
379
376
372
404
403
379
407
383
371
375
401
378
410
384
376
387
402
380
388
412
385
405
389
407
368
468
383
403
400
372
384
389
386
401
410
405
382
388
394
402
372
399
409
380
376
411
384
384
376
385
382
370
380
397
389
385
370
386
404
417
411
374
370
399
379
408
382
375
395
550
397
394
400
402
414
387
404
404
408
380
401
530
403
384
379
406
397
387
369
395
390
371
517
390
399
411
406
378
404
396
399
378
400
380
382
395
372
405
406
375
385
383
400
380
430
401
371
430
404
403
399
385
407
376
404
401
371
403
422
378
431
410
389
411
382
409
371
405
401
403
378
400
383
376
385
367
413
407
395
403
376
404
402
408
401
401
379
378
383
392
398
378
464
379
385
377
393
390
397
378
400
400
386
376
395
372
381
380
402
402
391
396
406
385
420
390
380
390
508
413
412
375
386
430
383
388
383
401
410
389
371
383
405
385
389
385
382
382
384
401
401
406
448
408
369
407
382
379
404
396
401
380
512
389
398
451
377
382
404
378
374
381
394
378
373
375
379
397
406
398
417
382
375
454
402
376
404
392
432
404
386
395
391
388
396
403
384
382
379
409
407
417
390
386
402
413
390
397
529
396
407
404
399
404
407
457
412
396
391
371
400
417
398
405
380
450
410
401
372
397
372
369
386
373
405
373
416
395
405
406
411
383
513
406
407
380
389
385
400
509
443
374
531
404
398
381
377
380
395
395
394
316
402
380
453
395
384
406
399
391
386
399
395
448
402
398
376
390
399
387
404
378
389
385
398
370
380
414
402
379
398
489
400
379
402
404
367
380
400
396
404
389
384
403
412
412
394
408
406
400
504
404
379
384
465
402
406
399
404
405
387
382
404
405
411
397
406
382
384
302
371
380
455
401
408
482
403
392
371
377
388
407
376
405
386
418
400
508
397
388
402
380
386
389
402
397
404
400
385
385
406
376
372
394
375
410
397
385
399
376
384
408
400
406
488
399
406
540
393
389
379
401
382
488
405
385
389
385
399
463
408
375
403
305
372
380
375
404
406
376
396
403
380
407
400
420
381
374
383
402
397
379
373
396
400
401
394
381
404
390
382
412
379
403
406
386
399
406
373
388
408
409
499
401
405
469
389
405
395
375
381
475
405
407
377
409
392
401
381
385
400
380
411
390
378
404
403
413
409
376
390
375
402
395
433
371
384
406
372
374
393
412
384
386
402
407
399
382
400
452
396
385
375
406
450
389
382
395
378
380
386
378
400
403
410
383
413
406
406
379
380
403
400
554
403
366
381
410
395
431
484
406
386
382
524
375
430
408
406
397
376
406
287
398
399
383
390
434
378
372
382
375
386
404
404
399
404
387
407
405
379
404
386
382
401
409
376
391
376
388
374
403
380
398
431
479
400
377
410
411
402
376
411
463
385
405
401
376
385
398
370
401
396
460
389
388
402
410
428
405
376
378
403
398
497
380
404
388
371
404
404
473
474
402
382
383
387
396
455
370
376
404
404
434
398
386
385
397
414
445
406
376
407
402
398
381
388
388
378
403
394
412
377
370
403
379
400
388
418
395
377
385
385
402
378
386
393
441
378
375
369
397
380
401
435
388
411
396
537
406
408
395
395
382
383
393
438
405
386
379
401
389
382
398
385
380
398
374
374
373
398
437
383
473
406
395
391
397
559
411
382
395
401
403
422
371
378
516
385
381
404
404
411
405
376
551
381
404
378
389
492
405
395
401
452
376
407
402
386
396
403
380
553
401
395
382
396
374
533
390
395
382
373
395
534
417
501
396
371
451
462
405
393
402
404
401
376
377
393
368
410
376
394
372
406
381
564
389
374
461
406
369
381
398
376
396
405
379
411
397
383
389
376
412
384
401
371
397
403
516
381
405
412
381
381
411
396
540
369
408
391
396
368
380
394
383
371
386
406
389
381
411
398
417
380
381
393
411
412
385
378
381
385
394
405
409
383
383
381
383
382
382
383
376
412
401
382
398
406
387
403
374
400
396
382
378
371
381
393
401
401
369
404
385
374
397
375
405
374
408
384
409
389
389
386
376
402
383
383
402
395
388
405
380
411
406
401
376
405
397
372
376
395
483
381
475
377
380
386
403
376
395
401
401
388
396
520
407
379
408
405
401
398
404
401
404
550
411
404
383
404
368
405
405
383
401
378
411
403
534
450
409
382
384
384
392
379
566
394
412
389
382
374
389
411
401
398
375
412
400
496
400
376
402
372
384
380
397
401
442
404
381
383
381
413
383
380
405
370
380
371
382
379
412
486
413
382
409
402
498
398
383
399
400
385
400
381
379
408
382
384
456
394
428
407
389
382
396
379
398
405
442
398
379
408
389
402
379
409
412
369
398
403
409
372
386
401
411
378
405
375
384
406
374
513
396
397
381
380
553
439
394
410
378
375
400
379
386
389
406
385
400
406
468
407
411
376
397
401
387
385
513
381
381
402
380
400
387
395
397
378
518
390
401
407
380
371
403
379
409
417
376
390
370
393
461
410
385
411
373
407
388
373
403
381
382
376
435
404
380
381
403
383
415
403
395
385
401
396
381
378
387
376
401
376
493
417
406
403
405
537
369
382
379
475
383
397
385
408
390
419
405
386
376
394
374
401
378
376
386
377
402
385
545
417
381
404
408
298
402
380
400
375
404
404
389
398
379
396
391
406
380
405
382
396
405
302
385
387
378
383
377
530
394
398
406
381
371
373
381
401
389
398
375
406
403
390
411
358
405
379
390
372
371
382
405
384
401
406
406
389
401
401
396
392
401
411
381
378
390
414
380
380
383
390
381
379
373
386
384
392
374
374
369
396
391
406
421
455
379
383
405
383
410
400
384
389
382
401
397
373
377
394
403
402
466
375
374
383
401
409
413
398
383
400
371
376
408
399
380
384
398
384
382
416
410
452
403
376
535
379
400
407
379
449
378
389
373
397
405
407
382
389
433
426
377
400
411
388
400
376
375
409
373
506
381
396
387
436
372
406
520
374
409
411
382
378
375
388
411
389
395
403
380
396
376
404
383
383
381
441
409
387
414
401
396
389
376
381
411
403
378
516
406
379
536
406
377
378
401
572
401
375
395
377
386
371
405
370
392
380
387
383
402
403
394
385
405
408
396
389
390
403
379
373
402
389
391
410
392
382
376
486
391
397
395
424
401
375
409
383
382
385
389
382
374
405
393
405
405
381
380
406
378
381
374
410
375
382
375
405
376
517
400
399
405
377
390
512
405
380
390
384
517
379
404
413
383
407
407
381
394
400
401
406
389
376
404
399
401
400
382
407
463
557
381
397
408
386
382
404
380
378
408
385
381
393
405
396
390
505
407
400
378
375
410
407
517
385
373
536
409
405
390
386
380
383
525
520
389
404
394
389
382
408
515
396
401
387
407
379
394
376
401
448
394
379
407
393
386
413
378
375
375
393
380
375
395
407
376
380
385
284
374
403
388
382
402
415
386
372
406
368
520
386
389
408
394
429
381
382
395
389
374
399
389
374
378
402
396
376
406
383
389
405
385
445
477
400
368
431
397
396
386
371
407
405
382
413
479
386
383
476
376
383
402
395
380
455
403
376
383
378
378
556
402
378
384
383
403
403
381
393
408
405
381
393
405
460
406
412
396
384
381
402
411
406
378
396
402
400
375
406
383
414
379
395
398
388
400
404
399
384
397
400
389
411
387
404
400
388
382
401
408
401
405
377
389
406
381
412
381
390
375
380
503
406
407
471
385
401
375
372
400
371
361
393
405
403
397
386
397
394
541
385
375
401
379
402
523
539
408
378
391
373
387
386
388
390
391
403
375
401
385
401
368
380
395
383
382
504
381
411
385
378
371
426
411
404
408
407
397
487
395
373
407
409
393
378
409
404
395
403
507
382
397
395
404
411
394
364
400
480
405
386
391
395
369
376
397
402
458
394
379
376
378
274
385
385
405
402
399
373
398
412
406
540
380
484
416
410
398
415
408
396
390
412
403
404
388
398
383
405
401
406
379
457
399
378
380
411
382
401
495
402
380
376
371
375
401
386
416
389
393
498
