4,227,226,30,226,30,30,30,30,30,30,30,30,30,30,30,30,30,30,30,30,30,30,30,30,30,30,30,30,30,30,30
8,226,226,30,226,226,226,30,30,227,30,30,30,30,225,30,30,30,30,30,30,30,30,30,30,30,30,30,30,30,30,30
12,227,225,226,30,232,225,233,30,227,30,233,226,30,30,30,226,30,30,30,30,30,30,232,30,30,30,30,30,30,30,30
16,233,226,227,231,30,232,232,30,30,232,227,30,226,225,226,30,30,232,226,232,30,30,30,30,30,30,30,233,30,30,30
20,226,227,227,209,233,226,233,226,233,225,30,208,233,30,232,208,232,30,30,30,226,30,30,30,30,30,210,30,232,232,30
24,209,232,226,232,227,30,233,209,227,226,233,225,209,225,233,232,210,227,210,231,209,30,30,208,30,232,30,30,30,209,30
28,233,232,209,208,227,207,227,233,210,232,227,30,233,232,208,209,210,226,30,225,210,209,233,209,30,30,233,225,227,207,208
32,210,207,233,232,233,207,208,208,233,208,210,207,210,232,207,232,227,226,208,206,227,226,227,231,210,207,233,209,226,226,210
36,209,226,233,207,227,210,226,232,210,209,207,208,208,232,233,232,210,226,210,207,208,209,234,208,226,207,233,226,227,209,210
40,208,232,233,209,210,226,210,226,209,231,210,226,233,209,210,209,207,208,210,209,234,225,207,225,208,207,210,208,233,207,227
44,208,208,209,232,234,209,210,207,227,209,233,209,210,226,210,207,227,209,233,207,210,226,234,207,210,209,209,207,208,225,232
48,208,207,208,209,227,210,233,209,233,209,227,208,233,226,227,233,208,207,234,207,210,207,208,207,210,209,211,207,210,226,209
52,232,212,226,209,210,210,226,207,208,208,233,225,209,207,213,209,210,232,208,207,209,231,207,207,210,226,208,206,210,231,208
56,227,225,208,232,233,232,210,209,208,209,233,232,214,207,208,208,226,207,208,206,209,226,208,209,214,207,210,213,209,212,207
60,227,209,214,207,208,213,216,207,208,209,233,207,226,215,214,207,208,209,210,226,233,213,211,232,210,209,208,226,233,209,209
64,211,207,215,233,227,210,208,209,209,215,211,209,215,233,210,207,215,209,215,226,210,216,208,232,216,207,234,207,216,207,228
68,207,207,214,232,216,209,208,232,214,216,216,209,216,213,209,213,233,207,208,209,209,226,211,226,233,207,214,226,208,209,210
72,215,208,212,215,232,208,215,208,213,208,233,206,207,225,213,214,207,213,207,208,232,231,208,213,210,206,207,225,226,206,213
76,207,206,213,212,209,206,209,215,226,209,208,232,232,208,232,206,213,214,215,214,208,206,214,212,213,208,214,209,225,225,209
80,210,213,208,216,208,216,214,226,210,209,208,207,214,216,215,216,210,215,214,215,214,226,210,208,234,209,233,232,209,207,227
84,210,215,214,213,226,215,210,207,208,216,234,213,208,215,216,239,209,225,210,212,214,226,217,232,214,232,208,208,208,208,207
88,233,206,208,214,210,206,214,214,213,215,214,232,227,209,208,209,209,213,213,215,216,238,213,207,227,231,210,215,209,206,240
92,215,215,214,208,232,211,209,208,207,239,237,225,231,206,239,212,216,231,208,212,213,205,207,214,208,238,213,225,215,208,207
96,233,216,208,240,217,226,210,240,216,215,233,207,214,209,240,226,209,231,214,212,216,209,207,237,210,213,214,236,208,215,207
100,213,240,240,215,213,207,216,240,217,206,227,207,233,206,227,208,214,214,237,213,214,232,209,233,210,239,208,206,209,236,215
104,210,207,240,207,241,214,214,209,209,209,236,209,216,239,232,209,213,213,207,215,233,239,214,226,227,236,213,213,215,239,208
108,227,214,241,206,208,213,217,207,241,225,240,232,210,215,209,213,210,215,207,235,213,232,208,236,210,239,214,239,216,236,210
112,214,239,227,209,241,236,207,207,209,240,241,206,211,214,233,226,208,213,237,215,216,215,240,213,237,208,237,209,217,215,234
116,241,236,217,208,217,240,215,216,233,232,227,209,214,207,237,240,238,209,210,226,210,241,238,216,209,215,208,229,210,214,215
120,236,224,232,235,236,209,216,239,209,213,239,214,229,212,236,206,213,215,232,238,228,208,214,214,208,238,207,224,209,206,215
124,227,207,213,208,213,206,207,206,237,208,236,238,233,215,207,231,233,239,237,215,240,225,240,215,214,228,229,212,215,235,209
128,216,233,217,239,208,207,214,216,214,232,241,216,214,230,227,237,232,239,210,209,229,206,234,213,237,236,210,210,241,208,238
132,216,214,239,216,216,208,215,239,210,214,231,208,208,240,241,237,230,214,227,210,209,209,242,234,238,237,234,216,234,234,210
136,211,241,208,237,238,230,214,216,234,237,235,215,230,210,210,241,217,208,210,233,231,213,215,215,241,239,227,207,234,208,238
140,240,229,226,206,216,208,240,208,213,215,237,215,208,239,229,214,217,208,233,228,233,235,228,235,240,232,213,208,207,213,233
144,215,208,233,240,217,233,218,237,241,207,214,210,209,226,231,209,231,233,231,209,230,207,215,232,238,234,217,240,217,240,237
148,216,232,230,225,234,213,208,234,231,237,235,209,211,234,216,213,214,232,214,236,237,216,208,209,241,230,240,240,208,239,210
152,241,209,210,206,235,240,214,216,238,234,234,216,230,208,239,237,228,213,217,233,238,229,208,207,211,230,215,230,234,210,241
156,210,209,217,215,237,236,240,239,234,228,240,207,230,215,233,208,214,234,208,213,216,232,233,204,240,226,214,205,208,234,230
160,238,232,240,236,214,207,208,209,234,233,233,216,205,233,210,214,229,239,230,240,238,237,214,229,208,213,206,206,227,207,216
164,230,232,230,236,217,216,240,206,227,233,214,209,208,240,234,205,208,232,214,207,230,233,207,215,237,239,214,205,229,208,240
168,205,239,238,239,229,237,226,206,214,207,237,209,208,206,216,232,216,207,210,234,233,236,207,231,216,232,216,212,233,205,230
172,241,233,241,229,214,232,214,207,237,229,210,207,209,204,206,229,216,208,210,215,207,214,241,240,227,233,237,205,205,229,215
176,230,206,215,233,208,207,208,236,238,208,210,209,234,208,241,234,238,240,214,233,230,204,208,237,227,204,216,214,234,216,214
180,205,206,240,215,207,209,210,215,233,230,235,206,217,214,238,209,230,229,205,237,227,233,207,237,230,240,211,216,208,213,206
184,209,214,207,239,206,209,233,232,234,226,206,236,229,209,240,236,230,231,207,239,208,204,214,204,240,206,215,216,215,232,214
188,229,206,229,209,218,213,214,217,209,215,206,238,237,226,237,205,234,233,206,239,233,229,207,206,207,206,216,208,237,235,214
192,237,206,208,204,206,239,240,213,209,232,232,207,213,203,213,215,235,217,206,212,206,225,205,207,239,214,233,214,229,228,233
196,234,239,237,214,230,206,215,229,232,205,208,206,209,217,210,213,215,233,218,235,208,214,229,205,205,225,237,239,214,204,214
200,208,239,230,205,207,209,210,206,240,233,216,207,208,232,235,217,226,232,214,205,230,215,217,240,218,229,214,237,205,237,216
204,218,233,211,206,208,225,237,204,237,214,219,239,234,216,207,205,214,234,216,207,210,213,240,229,216,215,207,229,237,208,234
208,234,214,216,208,210,205,208,236,219,225,214,207,238,209,216,234,214,233,240,237,230,239,216,213,233,205,230,205,207,206,218
212,210,214,206,204,219,216,233,213,216,229,233,215,214,233,216,240,210,206,219,229,227,206,241,236,237,209,208,206,218,229,208
216,217,237,207,234,208,240,230,215,207,213,227,207,215,206,240,236,218,209,238,232,214,205,210,205,241,234,230,218,230,215,209
220,208,217,238,239,207,209,233,217,214,206,234,236,216,205,206,234,208,210,214,225,215,230,216,229,216,237,241,217,206,240,214
224,233,225,205,214,229,233,206,236,215,208,218,228,206,206,232,212,239,237,214,212,216,213,217,208,240,231,204,206,230,206,236
228,208,216,219,207,240,238,214,232,236,228,227,205,214,229,209,212,237,233,205,209,237,204,218,240,219,215,234,215,214,206,229
232,215,213,214,236,236,204,206,226,216,214,206,215,239,240,234,214,236,239,218,228,210,204,230,207,206,209,234,217,208,233,237
236,239,214,210,233,214,214,237,216,206,215,211,233,219,236,206,237,234,217,229,215,240,206,206,240,214,225,237,207,208,236,231
240,208,229,215,231,209,225,240,209,208,239,237,216,235,236,230,239,234,215,233,218,207,235,205,213,239,233,217,204,210,213,219
244,238,230,208,218,240,227,209,239,234,236,210,214,206,214,207,216,206,206,210,230,216,218,215,240,236,241,206,214,235,237,235
248,215,235,239,205,222,218,206,229,239,235,207,233,241,213,216,204,215,207,210,236,227,205,210,213,240,229,218,215,234,236,232
252,214,236,207,235,240,220,215,229,218,236,216,240,234,206,230,233,210,214,235,214,240,217,210,205,241,205,227,215,206,235,207
256,236,205,206,216,217,215,208,220,235,207,205,208,213,208,217,227,236,204,233,238,238,231,229,214,215,233,214,239,237,238,215
