221
202
220
202
221
202
221
201
220
202
221
201
220
202
221
202
221
201
221
203
221
202
222
202
222
201
220
202
221
202
221
203
221
202
220
202
221
202
221
202
220
202
221
202
220
201
221
201
221
200
222
202
221
202
221
202
222
203
221
202
220
202
221
202
227
208
227
208
227
208
227
208
228
209
227
208
226
208
227
208
227
207
228
209
227
209
228
209
228
209
228
208
227
208
228
208
227
208
226
208
227
208
227
207
227
207
227
208
226
208
228
208
227
207
227
208
227
208
226
209
228
208
227
208
227
208
227
208
221
201
220
202
221
202
221
201
221
202
220
202
219
201
221
201
221
201
221
202
221
202
221
201
221
202
221
203
220
202
221
202
221
201
220
202
221
202
221
200
221
202
221
201
221
201
221
202
221
201
221
202
221
202
222
201
221
202
221
202
220
202
221
203
228
209
226
208
227
208
227
207
227
208
227
208
226
209
227
208
227
207
227
208
227
209
227
209
228
208
227
208
227
208
228
208
227
208
226
208
227
208
227
207
227
208
227
208
226
208
228
208
228
208
227
209
227
208
227
208
227
208
227
208
227
208
233
